3 -0.003173 -0.003275 0.003909 0.002539
3 -0.000090 -0.000098 0.000117 0.000071
3 -0.000098 -0.000052 0.000091 0.000059
3 -0.000304 -0.000137 0.000263 0.000178
3 -0.069856 -0.006474 0.045722 0.030608
3 -0.009517 -0.005974 0.009327 0.006164
3 -0.000073 -0.000044 0.000072 0.000044
3 -0.000015 -0.000077 0.000058 0.000034
3 -0.018427 -0.013874 0.019746 0.012555
3 -0.029527 -0.023401 0.032359 0.020569
3 0.000856 -0.046426 0.029447 0.016123
3 -0.001661 -0.000402 0.001214 0.000849
3 -0.000727 -0.001561 0.001480 0.000808
3 -0.000475 -0.000292 0.000470 0.000297
3 -0.020203 -0.014583 0.021319 0.013467
3 -0.069482 -0.004345 0.044847 0.028980
3 -0.019854 -0.025454 0.028143 0.017165
3 -0.065450 -0.043369 0.067300 0.041519
3 -0.016256 -0.012717 0.018455 0.010518
3 -0.009426 -0.010031 0.012120 0.007336
3 -0.000300 -0.001938 0.001399 0.000839
3 0.001016 -0.028799 0.016871 0.010911
3 -0.000091 -0.000047 0.000084 0.000053
3 -0.000224 -0.000142 0.000219 0.000147
3 -0.000230 -0.000133 0.000225 0.000139
4 -0.002410 -0.000472 0.000755 0.002127
3 -0.000266 -0.000190 0.000283 0.000173
3 -0.001976 -0.001225 0.001963 0.001237
3 -0.000075 -0.000055 0.000081 0.000049
3 -0.000007 -0.000006 0.000008 0.000005
3 -0.030049 -0.020023 0.031153 0.018919
3 -0.000038 -0.000039 0.000047 0.000030
3 -0.056937 -0.034720 0.055565 0.036092
3 -0.030543 -0.050037 0.052574 0.028005
3 -0.000009 -0.000006 0.000008 0.000006
3 -0.000007 -0.000005 0.000007 0.000005
3 -0.000029 -0.000019 0.000029 0.000019
3 -0.009968 -0.006708 0.010268 0.006408
3 -0.009451 -0.007528 0.010267 0.006711
3 -0.000071 -0.000033 0.000062 0.000042
3 -0.000046 -0.000028 0.000045 0.000029
3 -0.000105 -0.000087 0.000117 0.000074
3 -0.002961 -0.004666 0.004849 0.002778
3 -0.000084 -0.000085 0.000105 0.000064
3 -0.000156 -0.000131 0.000173 0.000114
3 -0.015456 -0.010968 0.015710 0.010714
3 -0.003287 -0.001624 0.003585 0.001326
3 -0.054651 -0.035846 0.055202 0.035294
3 -0.005689 -0.003384 0.005412 0.003662
3 -0.002498 -0.001387 0.002396 0.001489
3 -0.002841 -0.002055 0.003044 0.001852
3 -0.000184 -0.000178 0.000225 0.000138
3 -0.023345 -0.042494 0.043771 0.022068
3 0.000978 -0.004171 0.001985 0.001208
3 -0.000013 -0.000005 0.000010 0.000007
3 -0.008563 -0.017991 0.017354 0.009201
3 -0.008512 -0.005442 0.008555 0.005399
3 -0.001580 -0.000940 0.001513 0.001006
3 -0.000013 -0.000010 0.000015 0.000009
3 0.000027 -0.000074 0.000030 0.000017
3 -0.000108 -0.000080 0.000116 0.000072
3 0.002916 -0.040604 0.023429 0.014258
3 -0.003127 0.000318 0.002045 0.000764
3 -0.000125 -0.000110 0.000149 0.000086
3 -0.031167 -0.024432 0.035083 0.020516
3 -0.001366 -0.000699 0.001223 0.000842
3 -0.000081 -0.000070 0.000091 0.000060
3 -0.016634 -0.014997 0.020143 0.011488
3 -0.001293 -0.002081 0.002049 0.001325
3 0.002394 -0.018313 0.010219 0.005700
3 -0.000159 -0.000138 0.000187 0.000109
3 -0.000004 -0.000005 0.000006 0.000004
3 -0.000015 -0.000026 0.000026 0.000015
3 -0.000151 -0.000167 0.000196 0.000123
3 -0.020350 -0.013228 0.020312 0.013265
3 -0.000167 -0.002845 0.001915 0.001097
3 -0.000079 -0.000029 0.000067 0.000041
3 -0.000002 -0.000001 0.000001 0.000001
3 -0.000581 -0.000522 0.000713 0.000391
3 -0.000001 -0.000001 0.000001 0.000001
3 -0.101337 -0.003419 0.062552 0.042205
3 -0.021433 -0.029933 0.033234 0.018132
3 -0.049871 -0.031104 0.049221 0.031754
3 -0.000160 -0.000104 0.000163 0.000101
3 -0.000583 -0.000677 0.000780 0.000480
3 -0.001445 -0.001176 0.001607 0.001013
3 -0.001230 -0.001287 0.001576 0.000941
3 -0.000031 -0.000462 0.000299 0.000194
3 -0.000109 -0.000081 0.000121 0.000069
3 -0.000043 -0.000030 0.000045 0.000028
3 -0.000401 -0.000434 0.000506 0.000328
3 -0.007731 -0.009243 0.011101 0.005873
3 -0.000040 -0.000045 0.000052 0.000033
3 -0.007596 -0.005995 0.008418 0.005174
3 -0.000292 -0.000125 0.000251 0.000166
3 -0.017323 -0.014813 0.020930 0.011206
3 -0.078235 -0.001112 0.047614 0.031733
3 -0.000018 -0.000013 0.000017 0.000014
3 -0.000065 -0.000041 0.000064 0.000043
3 -0.000071 -0.000042 0.000068 0.000045
3 -0.000009 -0.000004 0.000008 0.000005
3 -0.000096 -0.000057 0.000092 0.000061
3 -0.069019 -0.040111 0.066707 0.042422
3 -0.000460 -0.000306 0.000473 0.000293
3 -0.001816 -0.001108 0.001806 0.001118
3 -0.009958 -0.017601 0.018880 0.008680
3 -0.000439 -0.000289 0.000433 0.000296
1 0.001510 -0.001733 0.000133 0.000090
3 -0.027504 -0.017052 0.026984 0.017573
3 -0.000141 -0.000076 0.000133 0.000084
3 -0.018768 -0.033856 0.033233 0.019391
3 -0.000063 -0.000058 0.000073 0.000048
3 -0.000685 -0.000539 0.000790 0.000433
3 -0.012223 -0.013098 0.015687 0.009634
3 -0.000215 -0.000497 0.000455 0.000257
3 -0.000082 -0.000299 0.000250 0.000131
3 -0.001953 -0.016868 0.011628 0.007193
3 -0.000665 -0.001182 0.001128 0.000719
3 -0.000013 -0.000007 0.000011 0.000008
3 -0.000003 -0.000003 0.000004 0.000002
3 -0.000014 -0.000012 0.000016 0.000011
3 -0.000250 -0.000194 0.000274 0.000170
3 -0.000027 -0.000018 0.000028 0.000017
3 -0.087027 -0.004496 0.054818 0.036705
3 -0.030960 -0.010452 0.026372 0.015039
3 -0.004365 -0.011434 0.010414 0.005384
3 -0.000247 -0.000701 0.000611 0.000338
3 -0.006664 -0.005259 0.007155 0.004769
3 -0.000327 -0.000202 0.000316 0.000212
3 -0.000584 -0.000644 0.000793 0.000434
3 -0.021393 -0.013843 0.021450 0.013785
3 -0.003649 -0.003120 0.004205 0.002563
3 -0.000153 -0.000127 0.000171 0.000109
3 -0.000232 -0.000182 0.000256 0.000158
3 -0.001213 -0.001905 0.002009 0.001108
3 -0.003430 -0.007165 0.006932 0.003663
3 -0.020052 -0.016431 0.022832 0.013652
3 -0.000619 -0.000391 0.000646 0.000365
3 -0.104370 -0.002231 0.063486 0.043115
3 -0.000002 -0.000002 0.000002 0.000001
3 -0.000033 -0.000263 0.000193 0.000102
3 -0.007090 -0.042735 0.032274 0.017552
3 -0.006506 -0.004082 0.006385 0.004203
3 -0.000071 -0.000059 0.000079 0.000051
3 -0.003692 -0.002899 0.004059 0.002532
1 0.000297 -0.000435 0.000022 0.000116
3 -0.000081 -0.000199 0.000178 0.000102
3 -0.000520 -0.001570 0.001307 0.000783
3 -0.093243 -0.003189 0.058763 0.037668
2 -0.000187 0.000148 0.000022 0.000017
3 -0.000580 -0.000462 0.000645 0.000396
3 -0.003882 -0.003013 0.004220 0.002675
3 -0.001029 -0.000492 0.000890 0.000631
3 -0.029829 -0.019218 0.029842 0.019205
3 -0.000960 -0.001092 0.001279 0.000773
3 -0.000086 -0.000052 0.000085 0.000054
3 -0.035763 -0.003174 0.023948 0.014990
3 -0.001981 -0.001190 0.001934 0.001236
3 -0.009968 -0.008733 0.011253 0.007448
3 -0.094936 -0.003053 0.059399 0.038590
3 -0.000004 -0.000003 0.000004 0.000003
3 -0.000689 -0.034748 0.021787 0.013651
3 -0.000002 -0.000005 0.000004 0.000003
3 -0.000352 -0.000178 0.000316 0.000215
3 -0.055909 -0.015714 0.046314 0.025309
3 -0.001984 -0.000594 0.001606 0.000972
3 -0.000005 -0.000004 0.000005 0.000004
3 -0.000181 -0.000171 0.000212 0.000140
3 -0.020577 -0.012242 0.019987 0.012833
3 -0.038513 -0.011278 0.031914 0.017877
3 -0.000514 -0.000352 0.000526 0.000341
2 -0.000091 0.000042 0.000030 0.000020
3 -0.000018 -0.000018 0.000021 0.000015
3 -0.001804 -0.001056 0.001762 0.001098
3 -0.000010 -0.000005 0.000009 0.000006
3 -0.000331 -0.000318 0.000396 0.000254
3 -0.000002 -0.000001 0.000002 0.000001
3 -0.000014 -0.000012 0.000015 0.000010
3 -0.000049 -0.000031 0.000049 0.000031
3 -0.000122 -0.000077 0.000122 0.000078
3 -0.031347 -0.039413 0.044857 0.025902
3 -0.006932 -0.000180 0.004468 0.002643
3 -0.001320 -0.000080 0.001321 0.000079
3 -0.012218 -0.005852 0.011247 0.006823
3 -0.004128 -0.001926 0.003620 0.002434
3 -0.000042 -0.000164 0.000128 0.000079
3 -0.000018 -0.000023 0.000025 0.000016
3 -0.003314 -0.002299 0.003448 0.002165
3 -0.000821 -0.002385 0.001993 0.001213
3 -0.000891 -0.000894 0.001156 0.000630
3 -0.001103 -0.000888 0.001246 0.000745
3 -0.000109 -0.000070 0.000106 0.000073
3 -0.018321 -0.012997 0.018662 0.012656
3 -0.009690 -0.022978 0.021280 0.011388
3 -0.005536 -0.004252 0.006146 0.003641
3 -0.000026 -0.000016 0.000026 0.000016
3 0.000057 -0.001322 0.000843 0.000422
3 -0.000751 -0.000378 0.000670 0.000458
3 -0.034849 -0.022885 0.035283 0.022451
3 -0.001928 -0.000585 0.001557 0.000957
3 -0.021080 -0.016596 0.023310 0.014366
3 -0.000135 -0.000127 0.000165 0.000097
3 -0.000012 -0.000025 0.000024 0.000013
3 -0.000511 -0.001146 0.001008 0.000648
3 -0.000903 -0.000980 0.001217 0.000666
3 0.001627 -0.052627 0.033690 0.017310
3 -0.055798 -0.032651 0.053757 0.034692
3 -0.000020 -0.000010 0.000019 0.000012
3 -0.002588 -0.001535 0.002450 0.001673
3 -0.000053 -0.000044 0.000059 0.000038
3 -0.000141 -0.000086 0.000143 0.000084
3 -0.000117 -0.000099 0.000131 0.000085
2 -0.000130 0.000065 0.000041 0.000024
3 -0.103888 -0.002472 0.063232 0.043128
3 -0.000018 -0.000013 0.000019 0.000012
3 -0.000623 -0.000414 0.000652 0.000385
3 -0.000002 -0.000004 0.000004 0.000002
3 -0.000106 -0.000072 0.000106 0.000072
3 -0.041710 -0.026111 0.040899 0.026922
3 -0.000675 -0.000429 0.000671 0.000433
3 -0.000415 -0.000265 0.000418 0.000262
3 -0.000536 -0.000269 0.000493 0.000312
3 -0.004609 -0.003124 0.004712 0.003021
3 -0.000125 -0.000046 0.000105 0.000066
3 -0.000312 -0.000461 0.000479 0.000294
3 -0.001202 -0.001072 0.001373 0.000900
3 -0.000003 -0.000009 0.000007 0.000005
3 -0.000431 -0.000292 0.000437 0.000286
3 -0.000227 -0.000248 0.000298 0.000177
3 -0.002990 -0.002104 0.003104 0.001990
3 -0.000994 -0.000600 0.000980 0.000614
3 -0.002932 -0.002900 0.003542 0.002290
3 -0.002539 -0.001983 0.002772 0.001750
3 -0.072344 -0.052574 0.077513 0.047405
3 -0.000364 -0.001297 0.001017 0.000644
3 -0.002134 -0.001236 0.002077 0.001292
3 -0.061252 -0.034987 0.058770 0.037469
3 -0.000106 -0.000220 0.000197 0.000129
3 -0.000002 -0.000002 0.000002 0.000002
3 -0.001783 -0.001395 0.002044 0.001135
3 -0.104013 -0.002973 0.063756 0.043229
1 0.000012 -0.000027 0.000010 0.000005
3 -0.015775 -0.023035 0.025253 0.013558
3 -0.000358 -0.004177 0.002939 0.001596
3 -0.000908 -0.000731 0.001032 0.000608
3 -0.000416 -0.000306 0.000440 0.000282
3 -0.003052 -0.001848 0.003039 0.001861
3 -0.008738 -0.011743 0.012378 0.008103
3 -0.000021 -0.000013 0.000021 0.000013
3 -0.003224 -0.008127 0.007198 0.004153
3 -0.003999 -0.002931 0.004286 0.002644
3 -0.009096 -0.005393 0.008896 0.005592
3 -0.017479 -0.014986 0.019693 0.012771
3 -0.077858 -0.001654 0.048460 0.031052
3 0.001042 -0.005368 0.002884 0.001442
4 -0.001693 -0.000020 0.000028 0.001685
3 -0.000580 -0.001652 0.001397 0.000835
3 -0.003162 -0.002155 0.003341 0.001976
3 -0.051941 -0.019738 0.046426 0.025253
3 0.000306 -0.002976 0.001685 0.000984
3 -0.007440 -0.009993 0.010879 0.006554
3 -0.000246 -0.000265 0.000310 0.000201
3 -0.015542 -0.027910 0.027559 0.015893
3 -0.001691 -0.001344 0.001764 0.001270
3 -0.000025 -0.000018 0.000027 0.000016
3 -0.038185 -0.037845 0.049195 0.026835
3 -0.006072 -0.005401 0.006989 0.004483
3 -0.003893 -0.003514 0.004632 0.002776
3 -0.000065 -0.000040 0.000062 0.000043
3 -0.000458 -0.000533 0.000619 0.000373
3 -0.005511 -0.000598 0.003738 0.002372
3 -0.002458 -0.003266 0.003448 0.002276
3 -0.000095 -0.000074 0.000103 0.000065
3 -0.000091 -0.000074 0.000105 0.000061
3 -0.000015 -0.000025 0.000025 0.000015
3 -0.010027 -0.019712 0.019507 0.010232
3 -0.000594 -0.003286 0.002513 0.001367
1 0.001568 -0.001722 0.000094 0.000061
3 -0.000027 -0.000027 0.000034 0.000020
3 -0.021088 -0.032183 0.033180 0.020090
3 -0.000976 -0.000716 0.001038 0.000654
3 -0.005117 -0.002511 0.004814 0.002813
3 -0.000795 -0.000953 0.001118 0.000630
3 -0.008698 -0.003902 0.007938 0.004662
3 -0.000170 -0.000426 0.000361 0.000235
3 -0.000008 -0.000011 0.000011 0.000007
2 -0.001970 0.001425 0.000331 0.000214
3 -0.000013 -0.000026 0.000026 0.000014
3 -0.003517 -0.002629 0.003901 0.002245
3 -0.093718 -0.001951 0.058403 0.037267
3 -0.001653 -0.001232 0.001770 0.001115
3 -0.000071 -0.000102 0.000106 0.000066
3 -0.000032 -0.000071 0.000067 0.000036
3 -0.002681 -0.001502 0.002635 0.001548
3 -0.024669 -0.018205 0.027043 0.015831
3 -0.009821 -0.004909 0.009064 0.005667
3 -0.003112 -0.002690 0.003512 0.002289
3 -0.000336 -0.000188 0.000323 0.000201
3 -0.007071 -0.006446 0.008346 0.005171
3 -0.004236 -0.003103 0.004434 0.002906
3 0.002137 -0.021352 0.012576 0.006639
3 -0.091961 -0.005523 0.058255 0.039228
3 -0.000140 -0.000204 0.000216 0.000128
3 -0.004863 -0.006158 0.006679 0.004342
3 -0.000179 -0.000064 0.000151 0.000092
3 -0.000132 -0.000073 0.000129 0.000077
3 -0.005262 -0.004276 0.005855 0.003684
3 -0.000868 -0.001031 0.001164 0.000736
3 -0.000124 -0.000061 0.000111 0.000074
3 -0.000141 -0.000111 0.000154 0.000098
3 -0.000083 -0.000077 0.000096 0.000063
3 -0.004445 -0.003037 0.004506 0.002975
3 -0.000004 -0.000002 0.000003 0.000002
3 -0.031342 -0.036496 0.044218 0.023620
3 -0.000029 -0.000023 0.000032 0.000020
3 -0.010610 -0.020240 0.019267 0.011583
3 -0.001684 -0.001403 0.001888 0.001199
3 -0.000015 -0.000015 0.000019 0.000011
3 -0.000397 -0.000462 0.000502 0.000357
3 -0.036124 -0.019731 0.034082 0.021774
3 -0.021710 -0.048405 0.045496 0.024618
3 -0.010630 -0.024324 0.023009 0.011945
3 -0.017856 -0.013964 0.019261 0.012559
3 -0.005898 -0.003471 0.005814 0.003555
3 -0.072523 -0.050383 0.074957 0.047949
3 -0.000595 -0.000352 0.000584 0.000363
3 -0.000552 -0.000221 0.000476 0.000296
3 -0.000289 -0.000393 0.000426 0.000256
3 -0.001126 -0.001269 0.001450 0.000945
3 -0.041958 -0.025852 0.041128 0.026682
3 -0.000180 -0.000130 0.000190 0.000120
3 -0.000219 -0.000143 0.000219 0.000142
3 -0.000561 -0.000298 0.000526 0.000332
3 -0.082897 -0.000718 0.051037 0.032578
3 -0.000034 -0.000060 0.000061 0.000033
3 -0.000917 -0.000474 0.000861 0.000530
3 -0.000010 -0.000006 0.000010 0.000007
3 -0.000953 -0.000768 0.001044 0.000677
3 -0.000626 -0.000105 0.000429 0.000302
3 -0.000527 -0.000517 0.000646 0.000398
3 -0.002546 -0.004276 0.004420 0.002401
3 0.001965 -0.052452 0.032711 0.017776
3 -0.000442 -0.001023 0.000954 0.000511
3 0.005493 -0.031282 0.016447 0.009342
3 -0.052864 -0.033266 0.052272 0.033857
3 -0.000285 -0.000161 0.000273 0.000173
3 -0.000018 -0.000010 0.000018 0.000010
3 -0.000090 -0.000060 0.000088 0.000062
3 -0.004104 -0.000035 0.003072 0.001067
3 -0.000008 -0.000006 0.000009 0.000006
3 -0.003226 -0.003243 0.004187 0.002283
3 -0.011422 -0.007005 0.011101 0.007327
3 -0.002362 -0.002443 0.002974 0.001832
3 -0.000055 -0.000032 0.000052 0.000034
3 -0.064944 -0.010880 0.049236 0.026587
3 -0.000043 -0.000077 0.000076 0.000044
3 -0.030161 -0.011548 0.025334 0.016375
3 -0.000112 -0.000088 0.000122 0.000078
3 -0.003222 -0.032362 0.024070 0.011514
3 -0.000013 -0.000009 0.000013 0.000008
3 -0.000013 -0.000008 0.000013 0.000009
3 -0.000154 -0.000267 0.000260 0.000161
3 -0.095424 -0.002007 0.058959 0.038472
3 -0.000058 -0.000060 0.000071 0.000046
3 -0.000054 -0.000203 0.000164 0.000093
3 -0.000357 -0.004686 0.003438 0.001605
3 -0.017290 -0.017066 0.021401 0.012956
3 -0.000082 -0.001886 0.001393 0.000575
3 -0.000260 -0.000208 0.000288 0.000180
3 -0.000240 -0.000194 0.000265 0.000169
3 -0.000003 -0.000003 0.000004 0.000002
3 -0.012878 -0.006392 0.012423 0.006847
3 -0.027785 -0.019859 0.028846 0.018799
3 -0.000077 -0.000050 0.000078 0.000049
3 -0.020498 -0.018079 0.023519 0.015057
3 -0.000068 -0.000057 0.000078 0.000047
3 -0.002345 -0.000451 0.001711 0.001084
3 -0.003986 -0.035036 0.025357 0.013665
3 -0.006243 -0.003027 0.005638 0.003632
3 -0.000030 -0.000244 0.000176 0.000098
3 -0.031359 -0.020292 0.032174 0.019476
3 -0.000123 -0.000124 0.000151 0.000096
3 -0.000640 -0.000511 0.000736 0.000415
3 -0.002103 -0.001069 0.001924 0.001248
3 -0.001099 -0.000401 0.000977 0.000523
3 -0.006100 -0.001765 0.004682 0.003183
3 -0.001734 -0.001174 0.001764 0.001144
3 -0.007997 -0.004408 0.007374 0.005031
3 -0.031839 -0.029099 0.037603 0.023335
3 -0.002144 -0.001806 0.002451 0.001498
3 -0.000038 -0.000033 0.000043 0.000028
3 -0.007746 -0.014005 0.013651 0.008100
3 -0.000115 -0.000074 0.000117 0.000071
3 -0.028426 -0.018059 0.028866 0.017619
3 -0.000256 -0.000228 0.000305 0.000180
3 -0.010942 -0.003041 0.008520 0.005463
3 -0.000020 -0.000059 0.000050 0.000030
1 0.001600 -0.001719 0.000074 0.000046
3 -0.010443 -0.007448 0.011100 0.006791
3 -0.003290 -0.002449 0.003676 0.002062
3 -0.001468 -0.000728 0.001334 0.000861
3 -0.000027 -0.000025 0.000033 0.000019
3 -0.003109 -0.000597 0.002220 0.001486
3 -0.001710 -0.001236 0.001796 0.001151
3 -0.016692 -0.009126 0.015682 0.010136
3 -0.000022 -0.000010 0.000020 0.000011
3 -0.000312 -0.001070 0.000910 0.000472
3 -0.000377 -0.000344 0.000444 0.000277
3 -0.000068 -0.000053 0.000073 0.000048
3 -0.006450 -0.022348 0.017656 0.011142
3 -0.000093 -0.000084 0.000106 0.000071
3 -0.002726 -0.001437 0.002584 0.001579
3 -0.000017 -0.000040 0.000034 0.000023
3 -0.000462 -0.000371 0.000552 0.000280
3 -0.000036 -0.000031 0.000040 0.000026
3 -0.002462 -0.008926 0.007937 0.003451
3 -0.000013 -0.000016 0.000018 0.000012
3 -0.000135 -0.000083 0.000136 0.000083
3 -0.006424 -0.016761 0.014595 0.008590
3 -0.000954 -0.003291 0.002607 0.001637
3 -0.026487 -0.035779 0.040559 0.021707
3 -0.027221 -0.024886 0.032672 0.019435
3 -0.005714 -0.004276 0.006090 0.003900
1 0.001223 -0.001361 0.000087 0.000051
3 -0.052401 -0.035158 0.053989 0.033569
3 -0.085681 -0.001563 0.052461 0.034783
3 -0.000814 -0.000786 0.000967 0.000634
3 -0.000226 -0.000190 0.000267 0.000149
3 -0.000209 -0.000124 0.000203 0.000130
3 -0.000009 -0.000007 0.000010 0.000006
3 -0.003665 -0.002641 0.003821 0.002485
3 -0.011752 -0.003584 0.009861 0.005475
3 -0.000121 -0.000196 0.000193 0.000124
3 -0.000188 -0.000139 0.000203 0.000123
3 -0.000056 -0.000062 0.000072 0.000046
3 -0.015584 -0.040890 0.037169 0.019305
3 -0.020312 -0.014141 0.021444 0.013009
3 -0.002310 -0.020093 0.013849 0.008553
3 -0.000231 -0.000110 0.000211 0.000130
3 -0.000013 -0.000007 0.000012 0.000008
3 -0.000252 -0.000228 0.000294 0.000187
3 -0.000016 -0.000008 0.000015 0.000009
3 -0.000368 -0.000234 0.000355 0.000248
3 -0.000019 -0.000020 0.000024 0.000015
3 -0.067885 -0.041776 0.066434 0.043227
3 -0.004347 -0.008608 0.008414 0.004541
3 -0.015543 -0.011964 0.016848 0.010659
3 -0.002614 -0.001358 0.002424 0.001548
3 -0.000011 -0.000009 0.000013 0.000007
3 -0.000004 -0.000003 0.000004 0.000003
3 -0.037580 -0.001803 0.024100 0.015283
3 -0.000172 -0.000088 0.000159 0.000101
3 -0.002911 -0.000770 0.002246 0.001435
3 -0.004450 -0.010203 0.009276 0.005377
3 -0.005600 -0.004003 0.006127 0.003476
3 -0.000051 -0.000042 0.000056 0.000037
3 -0.002388 -0.000576 0.001789 0.001175
3 -0.021684 -0.014975 0.022200 0.014459
3 -0.001492 -0.010577 0.007584 0.004485
3 -0.000056 -0.000042 0.000058 0.000040
3 -0.001078 -0.006684 0.004712 0.003050
3 -0.000639 -0.007783 0.005201 0.003221
3 -0.000094 -0.000076 0.000104 0.000066
3 -0.026189 -0.020114 0.027772 0.018531
3 -0.000612 -0.000161 0.000488 0.000284
3 -0.003650 -0.000275 0.002417 0.001508
3 -0.007984 -0.001959 0.006428 0.003514
3 -0.000016 -0.000015 0.000019 0.000012
3 -0.000018 -0.000006 0.000014 0.000009
3 -0.020885 -0.012326 0.020234 0.012977
3 -0.000012 -0.000008 0.000013 0.000008
3 -0.026679 -0.014011 0.024844 0.015846
3 -0.002311 -0.001281 0.002156 0.001436
3 -0.016682 -0.008983 0.015853 0.009813
3 -0.000560 -0.000392 0.000573 0.000379
3 -0.000003 -0.000003 0.000004 0.000002
3 -0.000084 -0.000031 0.000070 0.000045
3 -0.000003 -0.000001 0.000002 0.000002
3 -0.000058 -0.000050 0.000066 0.000043
3 -0.005078 -0.002833 0.004845 0.003066
3 -0.033696 -0.020651 0.032848 0.021499
3 -0.054438 -0.011272 0.042605 0.023105
3 -0.000081 -0.000053 0.000081 0.000053
3 -0.000293 -0.000492 0.000476 0.000309
3 -0.000065 -0.000042 0.000065 0.000043
3 -0.000093 -0.000103 0.000118 0.000079
3 -0.001349 -0.004512 0.003598 0.002263
3 -0.001045 -0.001062 0.001300 0.000807
3 -0.001400 -0.001568 0.001834 0.001134
3 -0.011171 -0.007021 0.011046 0.007146
3 -0.032363 -0.038621 0.045966 0.025018
3 -0.000087 -0.000108 0.000125 0.000069
3 -0.001458 -0.002201 0.002336 0.001324
3 -0.000198 -0.000093 0.000188 0.000103
3 -0.000227 -0.000281 0.000310 0.000198
3 -0.002199 -0.001929 0.002540 0.001588
3 -0.000619 -0.000389 0.000603 0.000406
3 -0.000794 -0.002886 0.002377 0.001303
3 -0.002537 -0.009239 0.007488 0.004288
3 -0.025093 -0.018263 0.026498 0.016858
3 -0.015660 -0.004890 0.012213 0.008336
3 -0.000115 -0.000057 0.000102 0.000070
3 -0.004154 -0.002113 0.003850 0.002417
3 -0.015122 -0.040464 0.037254 0.018331
3 -0.001582 -0.001958 0.002153 0.001387
3 -0.004806 -0.018421 0.013966 0.009261
3 -0.000033 -0.000023 0.000034 0.000022
3 0.001171 -0.005056 0.002425 0.001460
3 -0.000204 -0.000104 0.000188 0.000120
3 -0.059046 -0.037322 0.058523 0.037844
3 -0.014275 -0.007724 0.013917 0.008082
1 0.001520 -0.002029 0.000328 0.000181
3 -0.000007 -0.000003 0.000006 0.000004
3 -0.000003 -0.000002 0.000003 0.000002
3 -0.090300 -0.002756 0.056896 0.036161
3 -0.000688 -0.000677 0.000857 0.000508
3 -0.004993 -0.020710 0.016749 0.008954
3 -0.000055 -0.000033 0.000055 0.000034
3 0.005992 -0.032535 0.017001 0.009541
3 -0.000043 -0.000041 0.000056 0.000028
3 -0.012050 -0.022744 0.022512 0.012281
3 -0.000050 -0.000030 0.000048 0.000032
3 -0.000125 -0.004990 0.003472 0.001644
3 -0.000448 -0.000229 0.000412 0.000264
3 -0.002527 -0.001925 0.002653 0.001798
3 -0.000005 -0.000003 0.000005 0.000003
3 -0.007267 -0.004594 0.007277 0.004583
3 -0.004880 -0.003472 0.005209 0.003143
3 -0.006008 -0.018368 0.015926 0.008450
3 -0.000002 -0.000011 0.000008 0.000005
3 -0.000099 -0.000091 0.000115 0.000075
3 -0.000032 -0.000025 0.000035 0.000022
3 -0.000006 -0.000004 0.000006 0.000004
3 -0.052917 -0.020705 0.047574 0.026049
3 -0.008116 -0.005321 0.008229 0.005209
3 -0.003497 -0.002371 0.003722 0.002146
3 -0.011092 -0.014275 0.016385 0.008982
3 -0.000281 -0.017605 0.011317 0.006569
3 -0.000200 -0.000190 0.000235 0.000155
3 -0.019310 -0.008075 0.016673 0.010712
3 -0.000120 -0.000141 0.000167 0.000094
3 -0.000001 -0.000002 0.000002 0.000001
3 -0.000541 -0.000378 0.000580 0.000340
3 -0.004297 -0.002709 0.004365 0.002641
3 -0.000736 -0.000882 0.001033 0.000586
3 -0.003601 -0.001354 0.003004 0.001951
3 -0.000137 -0.000088 0.000136 0.000089
3 -0.096376 -0.002803 0.060459 0.038720
3 -0.014277 -0.019857 0.022166 0.011967
3 -0.025364 -0.046259 0.047817 0.023805
3 -0.022208 -0.022366 0.027315 0.017260
3 -0.000031 -0.000039 0.000045 0.000026
3 -0.048247 -0.015994 0.041411 0.022829
3 -0.007100 -0.004645 0.007046 0.004699
3 -0.000007 -0.000005 0.000007 0.000004
3 -0.048158 -0.030023 0.047297 0.030884
3 -0.000565 -0.000502 0.000656 0.000411
3 -0.016080 -0.030595 0.029732 0.016942
3 -0.000944 -0.000596 0.000946 0.000594
3 -0.013174 -0.008777 0.013384 0.008567
3 -0.045144 -0.010736 0.036239 0.019640
3 -0.026033 -0.018409 0.027251 0.017191
3 -0.000652 -0.010555 0.007041 0.004165
3 -0.000151 -0.000054 0.000127 0.000078
3 -0.001031 -0.000565 0.001017 0.000579
3 -0.005431 -0.012251 0.010537 0.007145
3 -0.000507 -0.000393 0.000551 0.000349
3 -0.021568 -0.014123 0.021731 0.013960
3 -0.004181 -0.004929 0.005627 0.003484
3 -0.000071 -0.000121 0.000124 0.000069
3 -0.000024 -0.000018 0.000026 0.000017
3 -0.000823 -0.000538 0.000810 0.000551
3 -0.000382 -0.000282 0.000416 0.000248
3 -0.026198 -0.014892 0.025431 0.015659
3 -0.003175 -0.009841 0.008036 0.004980
3 -0.000098 -0.000174 0.000171 0.000101
3 -0.000055 -0.000020 0.000045 0.000030
3 -0.000016 -0.000115 0.000077 0.000053
3 -0.000686 -0.000411 0.000680 0.000417
3 -0.008956 -0.012067 0.012895 0.008128
3 -0.003369 -0.002086 0.003386 0.002068
3 -0.000154 -0.000136 0.000175 0.000115
3 -0.000375 -0.001143 0.000972 0.000547
3 -0.000039 -0.000038 0.000048 0.000029
3 -0.000200 -0.000617 0.000501 0.000316
3 -0.000019 -0.000031 0.000032 0.000019
3 -0.003590 -0.015314 0.011944 0.006960
3 -0.000083 -0.000046 0.000079 0.000050
3 -0.004673 -0.003229 0.004762 0.003141
3 -0.005044 -0.003359 0.005119 0.003284
3 -0.023654 -0.005190 0.017364 0.011480
3 -0.007306 -0.004855 0.007244 0.004917
3 -0.010323 -0.006369 0.010414 0.006278
3 -0.000240 -0.000341 0.000359 0.000223
3 -0.000068 -0.000034 0.000062 0.000040
3 -0.000102 0.000024 0.000048 0.000031
3 -0.000733 -0.000454 0.000743 0.000445
3 -0.008665 -0.008418 0.010746 0.006337
3 -0.010972 -0.007260 0.011128 0.007104
3 -0.009543 -0.005525 0.009415 0.005653
3 -0.051542 -0.035417 0.053907 0.033052
3 -0.024770 -0.019885 0.026953 0.017703
3 -0.000399 -0.000293 0.000416 0.000276
3 -0.000032 -0.000085 0.000071 0.000046
3 -0.000568 -0.006390 0.004448 0.002511
3 -0.003450 -0.007030 0.006733 0.003748
3 -0.000111 -0.000073 0.000112 0.000072
3 -0.014642 -0.009636 0.015042 0.009236
3 -0.000007 -0.000004 0.000007 0.000004
3 -0.027456 -0.017754 0.027640 0.017570
1 0.001376 -0.001729 0.000210 0.000143
3 -0.025632 -0.005962 0.020434 0.011159
3 -0.103631 -0.002843 0.063226 0.043247
3 -0.004579 -0.001760 0.004081 0.002257
3 -0.012538 -0.008008 0.012488 0.008058
3 -0.005925 -0.004133 0.005827 0.004231
3 -0.001722 -0.001572 0.002098 0.001195
1 0.000162 -0.000351 0.000118 0.000071
3 -0.000119 -0.000077 0.000120 0.000076
3 -0.000148 -0.000079 0.000135 0.000091
3 -0.000030 -0.000104 0.000087 0.000046
3 -0.000079 -0.000059 0.000083 0.000054
3 -0.014529 -0.010230 0.015127 0.009632
3 -0.000215 -0.000104 0.000193 0.000125
3 -0.000005 -0.000003 0.000005 0.000003
3 -0.009999 -0.021342 0.020653 0.010688
3 -0.000046 -0.000036 0.000050 0.000032
3 -0.018135 -0.009197 0.016736 0.010596
3 -0.001597 -0.006219 0.005122 0.002694
3 -0.000008 -0.000006 0.000009 0.000005
3 -0.000032 -0.000038 0.000043 0.000026
3 -0.025041 -0.059091 0.053823 0.030309
3 -0.004162 -0.002458 0.003975 0.002644
3 -0.003532 -0.002097 0.003431 0.002198
3 0.000029 -0.001461 0.000901 0.000531
3 -0.000386 -0.000344 0.000430 0.000301
3 -0.042558 -0.034275 0.048407 0.028427
3 -0.000021 -0.000012 0.000020 0.000013
3 -0.094992 -0.003185 0.059140 0.039036
3 -0.000081 -0.000088 0.000103 0.000065
3 -0.004676 -0.003191 0.004716 0.003151
3 -0.003244 0.000165 0.001892 0.001186
1 0.000597 -0.000615 0.000011 0.000007
3 -0.028037 -0.020331 0.029081 0.019287
1 0.001635 -0.001697 0.000038 0.000024
3 -0.000127 -0.000071 0.000124 0.000073
3 -0.002493 -0.001512 0.002375 0.001630
3 -0.029262 -0.000806 0.018477 0.011591
3 -0.001084 -0.001203 0.001400 0.000888
3 -0.000010 -0.000017 0.000017 0.000010
3 -0.006545 -0.004985 0.006965 0.004565
3 -0.000415 -0.000002 0.000264 0.000152
3 -0.019015 -0.032710 0.032105 0.019620
3 -0.085201 -0.002301 0.052908 0.034594
3 0.001986 -0.039307 0.025318 0.012003
3 -0.000037 -0.000030 0.000041 0.000026
3 0.009739 -0.037129 0.018142 0.009248
3 -0.000100 -0.000105 0.000129 0.000076
3 -0.000117 -0.000046 0.000097 0.000066
3 -0.000617 -0.000718 0.000808 0.000527
3 0.001294 -0.006682 0.003539 0.001849
3 -0.001749 -0.000767 0.001523 0.000993
3 -0.000013 -0.000076 0.000055 0.000034
3 -0.000578 -0.000452 0.000621 0.000410
3 -0.000041 -0.000034 0.000050 0.000026
3 -0.000037 -0.000047 0.000051 0.000033
3 -0.000001 -0.000001 0.000001 0.000001
3 0.000035 -0.000119 0.000044 0.000040
3 -0.000942 -0.000589 0.000909 0.000622
3 -0.001606 -0.001412 0.001833 0.001185
3 -0.000218 -0.000173 0.000251 0.000140
3 -0.022541 -0.028313 0.031802 0.019053
3 -0.002086 -0.004539 0.004140 0.002484
3 -0.035277 -0.023862 0.035629 0.023510
3 -0.000264 -0.012153 0.007882 0.004536
3 -0.000021 -0.000011 0.000020 0.000012
3 -0.047878 -0.030666 0.048326 0.030218
3 -0.004062 -0.002265 0.003907 0.002420
3 -0.003410 -0.010519 0.008554 0.005374
3 -0.000270 -0.000180 0.000272 0.000178
3 -0.000239 -0.000172 0.000249 0.000163
1 0.000539 -0.000678 0.000086 0.000053
3 -0.009023 -0.025124 0.020942 0.013204
3 -0.000313 -0.000251 0.000352 0.000212
3 -0.000019 -0.000014 0.000021 0.000012
3 -0.045187 -0.017338 0.040513 0.022013
3 -0.000001 -0.000001 0.000001 0.000000
3 -0.000199 -0.007572 0.004797 0.002974
3 -0.007090 -0.002635 0.006213 0.003512
3 -0.032044 -0.018354 0.030560 0.019838
3 -0.010039 -0.007227 0.010551 0.006715
3 -0.092848 -0.003107 0.058281 0.037674
3 -0.000014 -0.000008 0.000013 0.000010
3 -0.000025 -0.000013 0.000023 0.000015
3 -0.004014 -0.004553 0.005404 0.003164
3 -0.004633 -0.003684 0.004989 0.003328
3 -0.001781 -0.006136 0.004815 0.003103
3 -0.015492 -0.015479 0.018710 0.012262
3 -0.032235 -0.017923 0.030350 0.019808
3 -0.000080 -0.000307 0.000238 0.000149
3 -0.000499 -0.002440 0.001881 0.001058
3 -0.020367 -0.014660 0.021576 0.013450
3 -0.000110 -0.000321 0.000290 0.000141
3 -0.001279 -0.001585 0.001789 0.001076
3 -0.091289 -0.003208 0.057462 0.037035
3 -0.095664 -0.002687 0.058416 0.039935
3 -0.031813 -0.024977 0.034994 0.021796
3 -0.000215 -0.000244 0.000291 0.000169
3 -0.000003 -0.000002 0.000003 0.000002
3 -0.000005 -0.000004 0.000006 0.000004
3 -0.031979 -0.022828 0.033387 0.021421
3 -0.000001 -0.000000 0.000001 0.000000
3 -0.000118 -0.000096 0.000128 0.000085
3 -0.000072 -0.000044 0.000071 0.000046
3 -0.000010 -0.000009 0.000011 0.000007
3 -0.004657 -0.001626 0.004044 0.002239
3 -0.001336 -0.004639 0.003712 0.002263
2 -0.000866 0.000740 0.000077 0.000048
3 -0.000120 -0.000083 0.000121 0.000082
3 -0.000053 -0.000139 0.000117 0.000075
3 -0.003690 -0.002125 0.003647 0.002168
2 -0.000082 0.000057 0.000016 0.000010
3 -0.002857 -0.001786 0.002860 0.001784
3 -0.097015 -0.004595 0.061262 0.040349
3 -0.046383 -0.008679 0.034823 0.020238
3 -0.000030 -0.000019 0.000030 0.000020
3 -0.000775 -0.000457 0.000763 0.000470
3 -0.000061 -0.000041 0.000060 0.000042
3 -0.002814 -0.000154 0.001797 0.001171
3 -0.007202 -0.010218 0.011057 0.006363
3 -0.000354 -0.000233 0.000364 0.000223
3 -0.031686 -0.034275 0.042863 0.023097
3 -0.032702 -0.013955 0.029598 0.017059
3 -0.000014 -0.000027 0.000025 0.000015
3 -0.048017 -0.029467 0.047620 0.029865
3 -0.072051 -0.001761 0.044816 0.028996
3 -0.004591 -0.015528 0.012030 0.008089
3 0.000669 -0.002807 0.001352 0.000786
3 -0.000009 -0.000006 0.000010 0.000006
1 0.000683 -0.000688 0.000003 0.000002
3 -0.002120 -0.000693 0.001690 0.001123
3 -0.007098 -0.001886 0.005495 0.003489
3 -0.000028 -0.000054 0.000051 0.000031
3 -0.003344 -0.003132 0.003956 0.002520
3 -0.000223 -0.000088 0.000199 0.000111
3 -0.000016 -0.000013 0.000018 0.000011
3 -0.000011 -0.000006 0.000010 0.000006
3 -0.014747 -0.017062 0.019732 0.012076
3 -0.062028 -0.050038 0.069661 0.042406
3 -0.009882 -0.008468 0.011052 0.007299
3 -0.000354 -0.000392 0.000474 0.000272
3 -0.024146 -0.014035 0.022983 0.015198
3 -0.000114 -0.000084 0.000121 0.000078
3 -0.000058 -0.000108 0.000103 0.000063
3 -0.015273 -0.011854 0.016672 0.010455
3 -0.000022 -0.000015 0.000023 0.000015
3 -0.000187 -0.000102 0.000177 0.000112
3 -0.000676 -0.000450 0.000676 0.000450
3 0.000023 -0.003539 0.002271 0.001244
3 -0.000015 -0.000012 0.000015 0.000012
3 -0.000006 0.000001 0.000003 0.000002
3 -0.002219 -0.000389 0.001537 0.001070
3 -0.001877 -0.002146 0.002552 0.001471
3 -0.003521 -0.002714 0.003825 0.002410
3 -0.000632 -0.001290 0.001243 0.000679
3 -0.008052 -0.056614 0.041145 0.023522
3 -0.000250 -0.000856 0.000702 0.000405
3 -0.029401 -0.019115 0.030051 0.018465
3 -0.000007 -0.000009 0.000010 0.000005
3 -0.000075 -0.000046 0.000073 0.000047
3 -0.000195 -0.000056 0.000158 0.000094
3 -0.018378 -0.011531 0.018260 0.011650
3 -0.004561 -0.002037 0.004202 0.002395
3 -0.004219 -0.003870 0.005054 0.003035
3 -0.001883 -0.000993 0.001804 0.001072
3 -0.001668 -0.000001 0.001668 0.000001
3 0.000082 -0.001170 0.000725 0.000362
3 -0.000723 -0.000502 0.000732 0.000493
3 -0.001633 -0.002266 0.002440 0.001459
3 -0.000183 -0.003026 0.002109 0.001100
3 -0.000183 -0.000543 0.000458 0.000268
3 -0.018630 -0.007349 0.016037 0.009941
3 -0.000123 -0.000751 0.000559 0.000315
3 -0.001421 -0.000977 0.001427 0.000970
3 -0.001538 -0.000791 0.001386 0.000943
3 -0.051741 -0.005182 0.035002 0.021921
3 -0.001147 -0.000848 0.001203 0.000792
3 -0.000144 -0.000126 0.000165 0.000106
3 -0.000748 -0.000557 0.000790 0.000516
3 -0.002670 -0.001630 0.002651 0.001649
3 -0.000101 -0.000053 0.000097 0.000058
3 -0.090775 -0.001193 0.055626 0.036342
3 -0.000088 -0.000145 0.000142 0.000091
3 -0.000793 -0.000922 0.001053 0.000663
3 -0.005647 -0.003126 0.005674 0.003099
3 -0.018366 -0.010985 0.017946 0.011405
3 -0.000059 -0.000046 0.000068 0.000037
3 -0.003535 -0.002723 0.003854 0.002405
3 -0.005636 -0.004868 0.006371 0.004134
3 -0.009309 -0.004946 0.008714 0.005541
3 -0.000172 -0.000143 0.000195 0.000121
3 -0.037483 -0.013742 0.033248 0.017977
3 -0.000084 -0.000072 0.000096 0.000060
3 -0.071690 -0.002187 0.044346 0.029531
3 -0.000125 -0.001296 0.000856 0.000565
3 -0.002576 -0.001530 0.002524 0.001581
3 -0.000080 -0.000062 0.000087 0.000055
3 -0.015038 -0.008969 0.014612 0.009395
3 -0.000215 -0.000059 0.000167 0.000107
3 -0.000934 -0.000531 0.000898 0.000567
3 -0.032501 -0.003117 0.021068 0.014550
3 -0.004063 -0.000048 0.002547 0.001564
3 -0.089002 -0.002389 0.055409 0.035982
1 0.001534 -0.002683 0.000764 0.000385
3 -0.001691 -0.001018 0.001655 0.001053
3 -0.000031 -0.000017 0.000030 0.000018
3 -0.000222 -0.000073 0.000184 0.000111
3 -0.000207 -0.000024 0.000138 0.000092
3 -0.000004 -0.000006 0.000007 0.000004
3 -0.000014 -0.000011 0.000016 0.000009
3 -0.000020 -0.000015 0.000021 0.000015
3 -0.013095 -0.008061 0.012925 0.008231
3 -0.000106 -0.000156 0.000164 0.000098
3 -0.000008 -0.000003 0.000006 0.000004
3 -0.006479 -0.004147 0.006445 0.004181
3 -0.001395 -0.001007 0.001519 0.000884
3 -0.000426 -0.000339 0.000475 0.000291
3 -0.101865 -0.003051 0.062555 0.042360
3 -0.003927 -0.002904 0.004232 0.002599
3 -0.003223 -0.001824 0.003120 0.001928
3 -0.000014 -0.000012 0.000016 0.000011
3 -0.005139 -0.008850 0.008958 0.005030
3 -0.000119 -0.036741 0.022934 0.013926
3 -0.000543 -0.000330 0.000525 0.000349
3 -0.000005 -0.000005 0.000006 0.000004
3 0.000936 -0.031807 0.020894 0.009978
3 -0.049636 -0.001437 0.031028 0.020044
3 -0.094566 -0.001612 0.058003 0.038175
3 0.000197 -0.019779 0.012839 0.006742
3 -0.000012 -0.000059 0.000045 0.000026
3 -0.000268 -0.000523 0.000479 0.000312
3 -0.067145 -0.055529 0.074996 0.047678
3 -0.000044 -0.000041 0.000054 0.000032
3 -0.010071 -0.016791 0.017178 0.009684
3 -0.021089 -0.013369 0.020930 0.013528
3 -0.000019 -0.000025 0.000028 0.000016
3 -0.000032 -0.000022 0.000034 0.000020
3 -0.001275 -0.000364 0.001003 0.000635
3 -0.036708 -0.023618 0.036913 0.023414
3 -0.103325 -0.002665 0.063162 0.042829
3 -0.000000 -0.000000 0.000000 0.000000
3 -0.000751 -0.002448 0.001966 0.001233
3 -0.010123 -0.008540 0.011349 0.007314
3 -0.015300 -0.022575 0.024771 0.013104
3 -0.000054 -0.000768 0.000521 0.000302
3 -0.025731 -0.039159 0.042375 0.022515
3 -0.000141 -0.000103 0.000150 0.000093
3 -0.000032 -0.000027 0.000036 0.000023
3 -0.000002 -0.000001 0.000002 0.000001
3 -0.000024 -0.000022 0.000028 0.000018
3 -0.000183 -0.000140 0.000198 0.000124
3 -0.000183 -0.000389 0.000371 0.000201
3 -0.100700 -0.003008 0.062322 0.041386
3 -0.000086 -0.000142 0.000140 0.000088
3 -0.000081 -0.000088 0.000108 0.000061
3 -0.021270 -0.009676 0.018587 0.012359
3 -0.000010 -0.000015 0.000016 0.000010
3 -0.000056 -0.000042 0.000060 0.000038
3 -0.035162 -0.024509 0.036458 0.023213
2 -0.001134 0.000573 0.000341 0.000220
3 -0.008749 -0.006584 0.009453 0.005880
3 -0.000139 -0.000085 0.000133 0.000091
3 -0.000228 -0.000177 0.000251 0.000154
3 -0.015048 -0.001178 0.009822 0.006403
3 -0.000024 -0.000031 0.000036 0.000019
3 -0.000363 -0.000251 0.000378 0.000235
3 -0.000678 -0.005279 0.003829 0.002128
3 -0.000290 -0.000188 0.000297 0.000181
3 -0.062604 -0.015205 0.050628 0.027181
3 -0.015199 -0.020589 0.022369 0.013419
3 -0.000026 -0.000016 0.000027 0.000016
3 -0.005127 -0.003515 0.005244 0.003398
3 -0.001179 -0.000631 0.001112 0.000698
3 -0.000180 -0.000258 0.000267 0.000171
3 -0.000005 -0.000005 0.000006 0.000004
4 -0.003136 -0.001431 0.001785 0.002783
3 -0.005288 -0.004403 0.005876 0.003816
3 -0.000007 -0.000008 0.000009 0.000006
3 -0.067145 -0.055529 0.074996 0.047678
3 -0.000024 -0.000047 0.000047 0.000024
3 -0.000005 -0.000004 0.000006 0.000004
3 -0.001155 -0.000395 0.000979 0.000571
3 -0.003403 -0.008704 0.007860 0.004248
3 -0.001227 -0.000407 0.000951 0.000683
1 0.000029 -0.000085 0.000028 0.000028
3 -0.002170 -0.001267 0.002479 0.000958
3 -0.059298 -0.016412 0.049258 0.026452
3 -0.001606 -0.006607 0.005072 0.003141
4 -0.000329 -0.000819 0.000464 0.000685
3 -0.003272 -0.004083 0.004582 0.002773
3 -0.000071 -0.000089 0.000097 0.000063
3 -0.004483 -0.002829 0.004558 0.002754
3 -0.003198 -0.002856 0.003721 0.002334
3 0.002113 -0.033668 0.021009 0.010546
3 -0.000799 -0.001253 0.001289 0.000762
3 -0.008966 -0.004580 0.008358 0.005188
3 -0.011548 -0.003049 0.008823 0.005774
3 -0.001375 -0.004918 0.003961 0.002332
3 -0.000075 -0.000064 0.000089 0.000051
3 0.008253 -0.027937 0.013730 0.005954
3 -0.007696 -0.005077 0.007726 0.005047
3 -0.005407 -0.026221 0.020653 0.010975
3 -0.055887 -0.037992 0.056929 0.036950
3 -0.038243 -0.031306 0.042052 0.027497
3 -0.000696 -0.000372 0.000645 0.000423
3 -0.000028 -0.000021 0.000028 0.000020
3 -0.000014 -0.000007 0.000013 0.000008
3 -0.001283 -0.005839 0.004588 0.002535
3 -0.000024 -0.000022 0.000028 0.000018
3 -0.011068 -0.004952 0.009736 0.006284
3 -0.075436 -0.000201 0.046098 0.029539
3 -0.056818 -0.044194 0.061032 0.039980
3 -0.000416 -0.000330 0.000449 0.000296
3 -0.000219 -0.000176 0.000234 0.000161
3 -0.000004 -0.001429 0.000871 0.000561
3 -0.060080 -0.016054 0.049582 0.026553
3 -0.002788 -0.007726 0.006576 0.003938
3 -0.005377 -0.006304 0.007373 0.004307
3 -0.103229 -0.002452 0.062773 0.042909
3 -0.003937 -0.031012 0.023038 0.011911
3 -0.004200 -0.000947 0.002805 0.002342
3 -0.004062 -0.000771 0.002511 0.002322
3 -0.001460 -0.001529 0.001935 0.001054
3 -0.000416 -0.000509 0.000566 0.000360
3 -0.000581 -0.000548 0.000702 0.000428
3 -0.000086 -0.000047 0.000085 0.000048
3 -0.002094 -0.001279 0.002039 0.001334
3 -0.001364 -0.000921 0.001419 0.000867
3 -0.000001 -0.000001 0.000001 0.000001
3 -0.000046 -0.000320 0.000232 0.000134
3 -0.000425 -0.000309 0.000439 0.000295
3 -0.005813 -0.003050 0.005465 0.003399
3 -0.005950 -0.003241 0.005575 0.003615
3 -0.000338 -0.000194 0.000418 0.000115
3 -0.000574 -0.000199 0.000484 0.000290
3 -0.022474 -0.018105 0.024956 0.015623
3 -0.003075 -0.001568 0.002789 0.001854
3 -0.000961 -0.001638 0.001618 0.000981
3 -0.001490 -0.000757 0.001361 0.000886
3 -0.000118 -0.000155 0.000171 0.000101
3 -0.001443 -0.001348 0.001805 0.000987
3 -0.003561 -0.021493 0.016613 0.008442
3 -0.021696 -0.015335 0.023165 0.013866
3 -0.038817 -0.014034 0.033494 0.019357
3 -0.000756 -0.001515 0.001352 0.000918
3 -0.000867 -0.000744 0.000986 0.000625
3 -0.000011 -0.000016 0.000017 0.000010
3 -0.009746 -0.001216 0.006645 0.004317
3 -0.011595 -0.009432 0.012934 0.008092
3 -0.000133 -0.000218 0.000211 0.000140
3 -0.032970 -0.022319 0.033830 0.021459
3 -0.060687 -0.043328 0.064218 0.039797
3 -0.000079 -0.000042 0.000075 0.000047
3 -0.001727 -0.001080 0.001690 0.001117
3 -0.000040 -0.000039 0.000052 0.000028
3 -0.001847 -0.002278 0.002537 0.001589
3 -0.000004 -0.000003 0.000004 0.000003
3 -0.000031 -0.000028 0.000037 0.000022
3 -0.001879 -0.001777 0.002388 0.001268
3 -0.000073 -0.000870 0.000575 0.000368
3 -0.008829 -0.005271 0.008902 0.005198
3 -0.000005 -0.000003 0.000005 0.000003
3 0.003964 -0.024921 0.014362 0.006595
3 -0.000253 -0.000738 0.000611 0.000380
3 -0.000003 -0.000002 0.000003 0.000002
3 -0.000024 -0.000052 0.000049 0.000027
3 -0.000156 -0.000090 0.000150 0.000096
3 -0.000904 -0.000660 0.000957 0.000606
3 -0.000371 -0.000214 0.000352 0.000233
3 -0.024756 -0.050092 0.047674 0.027173
3 0.006031 -0.038519 0.021191 0.011297
3 -0.000004 -0.000003 0.000004 0.000003
3 -0.000007 -0.000007 0.000009 0.000005
3 -0.010121 -0.003722 0.008301 0.005543
3 -0.004716 -0.003214 0.004753 0.003177
3 -0.000070 -0.000022 0.000055 0.000037
3 -0.040838 -0.013206 0.034745 0.019299
3 -0.000459 -0.000059 0.000336 0.000183
3 -0.000070 -0.000072 0.000089 0.000053
3 -0.000187 -0.000753 0.000579 0.000361
3 -0.000388 -0.000213 0.000377 0.000224
3 -0.030349 -0.023119 0.032723 0.020746
3 -0.000650 -0.002297 0.001772 0.001176
3 -0.000034 -0.000023 0.000034 0.000022
3 -0.003256 -0.015529 0.012580 0.006205
3 -0.000098 -0.000065 0.000099 0.000063
3 -0.014621 -0.012300 0.016443 0.010478
3 -0.003494 -0.002869 0.003879 0.002483
3 -0.009921 -0.021928 0.020892 0.010957
3 -0.000012 -0.000754 0.000507 0.000259
3 -0.013905 -0.009503 0.014089 0.009319
3 -0.000036 -0.000050 0.000051 0.000034
3 -0.032415 -0.021618 0.033805 0.020228
3 -0.000016 -0.000017 0.000021 0.000013
3 0.000023 -0.000997 0.000620 0.000354
3 -0.046027 -0.010737 0.036636 0.020128
3 -0.056108 -0.004667 0.036750 0.024024
3 -0.067145 -0.055529 0.074996 0.047678
3 -0.000572 -0.000554 0.000683 0.000443
3 -0.000081 -0.000094 0.000107 0.000068
3 -0.054566 -0.001592 0.034389 0.021769
2 -0.001217 0.000482 0.000438 0.000297
3 -0.000342 -0.000229 0.000353 0.000219
3 -0.000059 -0.000096 0.000094 0.000061
3 -0.001924 -0.020713 0.015015 0.007622
3 -0.000016 -0.000014 0.000018 0.000011
3 -0.000055 -0.000037 0.000058 0.000034
3 -0.012267 -0.014677 0.017406 0.009538
3 -0.000002 -0.000002 0.000003 0.000002
3 -0.007567 -0.033063 0.026303 0.014326
3 -0.002572 -0.000395 0.002709 0.000258
3 -0.049317 -0.045683 0.058690 0.036309
3 -0.021791 -0.015412 0.022861 0.014342
3 -0.000061 -0.000056 0.000071 0.000046
3 -0.000030 -0.000026 0.000034 0.000022
3 -0.000090 -0.000063 0.000095 0.000059
3 -0.000011 -0.000007 0.000011 0.000007
3 -0.037052 -0.038123 0.048348 0.026826
3 -0.000007 -0.000005 0.000008 0.000004
3 -0.000937 -0.000644 0.000960 0.000620
3 -0.000624 -0.000524 0.000694 0.000454
3 -0.000662 -0.000610 0.000771 0.000500
3 -0.000277 -0.000279 0.000339 0.000217
3 -0.000839 -0.000482 0.000781 0.000540
3 -0.015090 -0.000657 0.009469 0.006278
3 -0.009493 -0.010422 0.011961 0.007954
3 -0.044959 -0.014071 0.038275 0.020754
3 -0.015450 -0.011204 0.016273 0.010381
3 -0.005248 0.001757 0.002159 0.001333
3 -0.095006 -0.001484 0.058457 0.038033
4 -0.002445 -0.000702 0.000912 0.002235
3 -0.000011 -0.000011 0.000014 0.000009
3 -0.009443 -0.019141 0.018898 0.009686
3 -0.002240 -0.000771 0.001861 0.001150
3 -0.017965 -0.014152 0.020549 0.011568
3 -0.019071 -0.016569 0.022785 0.012855
3 -0.000011 -0.000007 0.000011 0.000007
3 -0.000001 -0.000001 0.000002 0.000001
3 -0.083497 -0.003763 0.052720 0.034540
3 -0.002089 -0.001205 0.001991 0.001303
3 -0.000143 -0.000129 0.000165 0.000106
3 -0.000040 -0.000117 0.000100 0.000057
3 -0.000022 -0.000011 0.000020 0.000013
3 -0.011271 -0.007391 0.011368 0.007294
3 -0.001133 -0.000909 0.001260 0.000782
3 -0.004561 -0.002276 0.004125 0.002712
3 -0.000018 -0.000008 0.000016 0.000010
3 -0.010360 -0.011222 0.013145 0.008438
3 -0.083244 -0.006568 0.053028 0.036784
3 -0.000008 -0.000009 0.000010 0.000006
3 -0.001890 -0.006355 0.005267 0.002979
3 -0.000010 -0.000007 0.000010 0.000007
2 -0.000092 0.000075 0.000010 0.000008
3 -0.012649 -0.004482 0.010288 0.006843
3 -0.000038 -0.000028 0.000040 0.000026
3 -0.000015 -0.000011 0.000016 0.000010
3 -0.010589 -0.004489 0.009206 0.005872
3 -0.008883 -0.004336 0.008006 0.005214
3 -0.000022 -0.000009 0.000019 0.000012
3 -0.003836 -0.001909 0.003468 0.002277
3 -0.000594 -0.000464 0.000635 0.000424
3 -0.000031 -0.000127 0.000101 0.000057
3 -0.000043 -0.000047 0.000058 0.000032
3 -0.054839 -0.037483 0.056069 0.036253
3 -0.014152 -0.008822 0.014677 0.008297
3 -0.000046 -0.000054 0.000062 0.000037
3 -0.018148 -0.011445 0.018018 0.011575
3 -0.001066 -0.003973 0.003312 0.001728
3 -0.001443 -0.000942 0.001472 0.000913
3 -0.000088 -0.000680 0.000502 0.000266
3 -0.010947 -0.016167 0.017444 0.009670
3 -0.001251 -0.055653 0.036210 0.020694
3 -0.000278 -0.001810 0.001285 0.000804
3 -0.000034 -0.000155 0.000119 0.000069
3 -0.005367 -0.001713 0.004271 0.002809
3 -0.000305 -0.000118 0.000266 0.000157
3 -0.010676 -0.012499 0.015094 0.008081
3 -0.000202 -0.000154 0.000213 0.000143
3 -0.009817 -0.006521 0.009729 0.006609
3 -0.049883 -0.013897 0.041278 0.022501
3 -0.009787 -0.003312 0.008052 0.005047
3 -0.000094 -0.000061 0.000098 0.000057
3 -0.000031 -0.000023 0.000033 0.000021
3 -0.004651 -0.002609 0.004468 0.002792
3 -0.001361 -0.000964 0.001425 0.000900
3 -0.016657 -0.008117 0.014895 0.009879
3 -0.021810 -0.012828 0.021064 0.013575
3 -0.032649 -0.025897 0.037147 0.021399
3 -0.000346 -0.000261 0.000366 0.000241
3 -0.024198 -0.025195 0.031662 0.017731
3 -0.014044 -0.010734 0.015471 0.009308
3 -0.001309 -0.000862 0.001349 0.000823
3 -0.003054 -0.003623 0.003957 0.002719
3 -0.006220 -0.003873 0.006204 0.003889
1 0.000373 -0.000643 0.000180 0.000091
3 -0.000020 -0.000020 0.000025 0.000016
3 -0.000235 -0.000224 0.000276 0.000184
3 -0.000040 -0.000037 0.000046 0.000031
3 -0.000665 -0.000020 0.000663 0.000022
3 -0.000693 -0.026080 0.016736 0.010036
3 -0.003910 -0.001770 0.003445 0.002235
3 -0.000032 -0.000030 0.000038 0.000024
3 -0.000692 -0.001946 0.001608 0.001030
3 -0.000051 -0.000047 0.000060 0.000038
3 -0.000443 -0.002372 0.001833 0.000982
3 -0.000033 -0.000059 0.000058 0.000033
3 -0.000136 -0.000312 0.000286 0.000162
3 -0.000348 -0.000257 0.000369 0.000236
3 -0.000030 -0.000017 0.000028 0.000019
3 -0.000690 -0.000592 0.000780 0.000503
3 -0.000390 -0.000406 0.000512 0.000284
3 -0.000381 -0.000332 0.000454 0.000259
3 -0.029478 -0.025768 0.035595 0.019651
3 -0.012098 -0.015046 0.017730 0.009414
3 -0.000292 -0.000149 0.000274 0.000167
3 -0.000357 -0.000177 0.000331 0.000203
3 -0.000233 -0.000207 0.000269 0.000170
3 -0.000218 -0.000630 0.000533 0.000316
3 -0.000517 -0.000335 0.000547 0.000305
3 -0.051608 -0.035304 0.052709 0.034204
3 -0.000033 -0.000020 0.000032 0.000021
3 -0.000601 -0.000308 0.000559 0.000350
3 -0.000059 -0.000179 0.000150 0.000088
3 -0.010213 -0.007632 0.011470 0.006375
3 -0.004220 -0.006780 0.006462 0.004538
3 -0.015979 -0.039533 0.036768 0.018744
3 -0.000749 -0.003312 0.002477 0.001584
3 -0.009762 -0.031507 0.027312 0.013957
3 -0.000045 -0.000042 0.000054 0.000032
3 -0.012327 -0.008181 0.012298 0.008210
3 -0.027918 -0.011867 0.025756 0.014030
3 -0.091594 -0.002818 0.057711 0.036700
3 -0.017734 -0.008557 0.015948 0.010343
3 -0.000677 -0.000500 0.000723 0.000454
3 -0.001476 -0.003120 0.002776 0.001820
3 -0.001174 -0.000550 0.001057 0.000668
3 -0.000217 -0.000157 0.000228 0.000146
3 -0.000129 -0.000117 0.000146 0.000100
3 -0.003246 -0.002632 0.003688 0.002191
3 -0.009844 -0.006118 0.009860 0.006102
3 -0.002500 -0.001735 0.002658 0.001578
3 -0.005728 -0.007483 0.008562 0.004649
3 -0.001181 -0.000671 0.001135 0.000718
3 -0.053549 -0.041137 0.058140 0.036546
3 -0.001215 -0.001280 0.001517 0.000977
3 -0.000138 -0.000091 0.000136 0.000093
3 -0.002831 -0.001686 0.002762 0.001755
3 -0.000122 -0.000047 0.000103 0.000066
3 -0.005335 -0.050119 0.035592 0.019862
3 0.000465 -0.011804 0.007192 0.004146
3 -0.000021 -0.000019 0.000025 0.000016
3 -0.000001 -0.000000 0.000001 0.000000
3 -0.000059 -0.000039 0.000061 0.000037
4 -0.002277 -0.000895 0.001429 0.001743
3 -0.000238 -0.000373 0.000379 0.000233
3 -0.045460 -0.003655 0.030527 0.018587
3 -0.078473 -0.002125 0.048504 0.032094
3 -0.000244 -0.000278 0.000324 0.000198
3 -0.000584 -0.000850 0.000897 0.000537
3 -0.000314 -0.000399 0.000428 0.000284
3 -0.001248 -0.000769 0.001231 0.000786
3 -0.000013 -0.000006 0.000012 0.000007
3 -0.000082 -0.000057 0.000085 0.000055
3 -0.002189 -0.001378 0.002538 0.001028
3 -0.003814 -0.002542 0.003878 0.002478
3 -0.011678 -0.007193 0.011518 0.007353
3 -0.000210 -0.002568 0.001868 0.000910
3 -0.003674 -0.011192 0.008921 0.005945
3 -0.004809 -0.003540 0.005071 0.003278
3 -0.040643 -0.017594 0.038081 0.020157
3 -0.002972 -0.002052 0.003059 0.001965
3 -0.000004 -0.000003 0.000004 0.000003
3 -0.000381 -0.000282 0.000409 0.000254
3 -0.000853 -0.000674 0.000946 0.000581
3 -0.000027 -0.000018 0.000027 0.000018
3 -0.054448 -0.039661 0.058210 0.035899
3 -0.063362 -0.051627 0.071703 0.043285
3 -0.009461 -0.004932 0.008788 0.005605
3 -0.000440 -0.000263 0.000440 0.000264
3 -0.000123 -0.000105 0.000139 0.000089
3 -0.024742 -0.035046 0.038886 0.020902
3 -0.054363 -0.034731 0.054863 0.034231
3 -0.093486 -0.002989 0.058120 0.038354
3 -0.020190 -0.016441 0.022720 0.013911
3 -0.000052 -0.000031 0.000052 0.000031
3 -0.020698 -0.014516 0.021310 0.013904
3 -0.000047 -0.000034 0.000051 0.000030
3 -0.000006 -0.000005 0.000007 0.000004
3 -0.000055 -0.000148 0.000129 0.000074
3 -0.000119 -0.000103 0.000139 0.000083
3 -0.008190 -0.012402 0.013366 0.007226
3 0.001081 -0.033886 0.020397 0.012408
3 -0.001488 -0.000885 0.001415 0.000959
3 -0.001781 -0.001178 0.001836 0.001123
3 -0.021018 -0.015087 0.022156 0.013948
3 -0.000212 -0.000136 0.000214 0.000134
3 -0.001405 -0.000777 0.001332 0.000850
3 -0.010173 -0.006452 0.010022 0.006603
3 -0.001728 -0.001583 0.002028 0.001283
3 -0.000280 -0.000125 0.000241 0.000164
3 -0.000773 -0.000442 0.000747 0.000468
3 -0.000639 -0.000326 0.000612 0.000353
3 -0.000048 -0.000031 0.000048 0.000031
3 -0.000053 -0.000028 0.000051 0.000030
3 -0.000020 -0.000014 0.000021 0.000013
3 -0.000000 -0.000034 0.000021 0.000013
3 -0.000095 -0.000157 0.000153 0.000098
3 -0.013272 -0.007171 0.012734 0.007710
3 -0.000087 -0.000094 0.000112 0.000068
3 -0.025289 -0.021349 0.029135 0.017503
3 -0.001217 -0.003370 0.002842 0.001745
3 -0.000578 -0.000339 0.000558 0.000359
3 -0.071817 -0.002353 0.044551 0.029619
3 -0.055894 -0.034442 0.055245 0.035091
3 -0.096679 -0.002466 0.059821 0.039324
3 -0.000120 -0.000108 0.000136 0.000092
3 -0.014336 -0.011304 0.015532 0.010108
3 0.008128 -0.037434 0.019228 0.010078
3 -0.034445 -0.020367 0.033477 0.021335
3 -0.000003 -0.000001 0.000003 0.000002
3 -0.000161 -0.000130 0.000177 0.000114
3 -0.000111 -0.000478 0.000379 0.000210
3 -0.013052 -0.017072 0.019433 0.010691
3 -0.000017 -0.000012 0.000018 0.000011
3 -0.000063 -0.000021 0.000050 0.000033
3 -0.000005 -0.000034 0.000024 0.000015
3 -0.000033 -0.000033 0.000040 0.000027
3 -0.012296 -0.012963 0.016588 0.008671
3 -0.000005 -0.000004 0.000005 0.000003
3 -0.008986 -0.007978 0.010300 0.006665
1 0.000997 -0.001676 0.000424 0.000255
3 -0.000045 -0.000029 0.000045 0.000028
3 -0.023446 -0.030828 0.036277 0.017997
3 -0.021319 -0.048383 0.046756 0.022946
3 -0.000007 -0.000005 0.000007 0.000005
3 -0.009039 -0.004989 0.008932 0.005096
3 -0.000770 -0.000505 0.000742 0.000532
3 -0.022024 -0.011969 0.020780 0.013213
3 -0.001215 -0.000627 0.001123 0.000719
3 -0.011437 -0.020632 0.019666 0.012404
3 -0.000289 -0.000372 0.000440 0.000220
3 -0.032998 -0.020863 0.033112 0.020749
3 -0.007105 -0.005564 0.007728 0.004941
3 -0.000480 -0.000583 0.000665 0.000398
3 -0.011129 -0.034356 0.029872 0.015613
3 -0.099572 -0.006745 0.063293 0.043024
3 -0.000059 -0.000055 0.000071 0.000042
3 -0.084844 -0.000723 0.052076 0.033492
3 -0.000092 -0.000043 0.000082 0.000052
3 -0.000009 -0.000007 0.000009 0.000006
3 -0.000154 -0.000095 0.000154 0.000095
3 -0.037203 -0.003738 0.024614 0.016327
2 -0.000205 0.000189 0.000010 0.000007
3 -0.014050 -0.007020 0.012931 0.008139
3 -0.036279 -0.002069 0.024864 0.013484
3 -0.015061 -0.025857 0.027367 0.013551
3 -0.000002 -0.000001 0.000002 0.000001
3 -0.000793 -0.002604 0.002098 0.001298
3 -0.000909 -0.000867 0.001070 0.000706
3 -0.003519 -0.003385 0.004261 0.002643
3 -0.017912 -0.011069 0.017832 0.011149
3 -0.000978 -0.000782 0.001141 0.000619
3 -0.002556 -0.009895 0.007715 0.004735
3 -0.013459 -0.008797 0.013534 0.008723
3 -0.030110 -0.020041 0.030537 0.019614
3 -0.000378 -0.001203 0.001046 0.000535
3 -0.002345 -0.006722 0.005909 0.003159
3 -0.038405 -0.027578 0.040515 0.025468
3 -0.096353 -0.007546 0.062179 0.041721
3 -0.000005 -0.000005 0.000006 0.000004
3 -0.005304 -0.004188 0.005910 0.003583
3 -0.048837 -0.032309 0.050005 0.031140
3 -0.012302 -0.012757 0.015739 0.009319
3 -0.000033 0.000009 0.000014 0.000009
3 -0.012397 -0.008130 0.012943 0.007584
3 -0.000040 -0.000035 0.000047 0.000028
3 -0.000018 -0.000011 0.000018 0.000011
3 -0.001894 -0.001691 0.002181 0.001404
3 -0.008152 -0.006219 0.009167 0.005204
3 -0.057781 -0.011528 0.044952 0.024358
3 -0.000535 -0.000412 0.000570 0.000377
3 -0.000004 -0.000007 0.000007 0.000004
3 -0.000679 -0.000592 0.000759 0.000512
3 -0.001056 -0.000792 0.001118 0.000731
3 -0.000945 -0.002158 0.001895 0.001208
3 -0.067145 -0.055529 0.074996 0.047678
3 -0.003233 -0.004038 0.004429 0.002842
3 -0.000089 -0.000106 0.000123 0.000073
3 -0.000001 -0.000001 0.000001 0.000001
3 -0.000018 -0.000012 0.000018 0.000012
3 -0.040031 -0.026712 0.041980 0.024764
3 -0.000158 -0.000099 0.000159 0.000098
3 -0.000012 -0.000006 0.000011 0.000007
3 -0.000176 -0.000123 0.000186 0.000113
3 -0.000187 -0.000312 0.000321 0.000178
3 -0.000357 -0.000206 0.000343 0.000220
3 -0.000068 -0.000067 0.000087 0.000048
3 -0.000280 -0.000215 0.000296 0.000199
3 -0.009992 -0.010158 0.012357 0.007793
3 -0.000045 -0.000033 0.000049 0.000029
3 -0.017082 -0.004276 0.012901 0.008456
3 -0.039238 -0.024838 0.039074 0.025003
3 -0.000239 -0.000213 0.000273 0.000179
3 -0.005379 -0.005635 0.006993 0.004021
3 -0.001479 -0.000939 0.001361 0.001058
3 -0.000171 -0.000106 0.000165 0.000111
3 -0.000029 -0.000028 0.000035 0.000022
3 -0.023271 -0.026333 0.030310 0.019293
3 -0.004136 -0.002372 0.003982 0.002526
3 -0.000256 -0.000328 0.000374 0.000211
3 -0.020677 -0.024667 0.028033 0.017311
3 -0.000174 -0.000100 0.000168 0.000106
3 -0.067145 -0.055529 0.074996 0.047678
3 -0.008932 -0.036323 0.028828 0.016428
3 -0.000087 -0.000089 0.000108 0.000068
3 -0.000012 -0.000018 0.000018 0.000012
3 -0.000164 -0.000061 0.000137 0.000088
3 -0.033995 -0.030227 0.039237 0.024986
3 -0.000003 -0.000001 0.000003 0.000002
1 0.000044 -0.000070 0.000016 0.000010
4 -0.001688 -0.000015 0.000022 0.001681
1 0.000267 -0.000433 0.000106 0.000060
3 -0.043003 -0.028608 0.043873 0.027739
3 -0.005964 -0.004123 0.006411 0.003675
3 -0.006322 -0.013689 0.011885 0.008126
3 0.002878 -0.015192 0.007967 0.004347
3 -0.000127 -0.000137 0.000164 0.000099
3 -0.000013 -0.000009 0.000013 0.000009
3 -0.000011 -0.000011 0.000013 0.000008
3 -0.057252 -0.017753 0.048665 0.026340
3 -0.000222 -0.000284 0.000311 0.000194
3 -0.024407 -0.039805 0.043184 0.021028
3 -0.000553 -0.000353 0.000553 0.000352
3 -0.006366 -0.006363 0.008235 0.004494
3 -0.011690 -0.008701 0.012427 0.007964
3 -0.000698 -0.000816 0.000921 0.000593
3 -0.000365 -0.000629 0.000601 0.000394
3 -0.012136 -0.009534 0.012924 0.008747
3 -0.008436 -0.004316 0.008202 0.004550
3 -0.016226 -0.012339 0.017856 0.010709
3 -0.009937 -0.007422 0.010707 0.006652
3 -0.002233 -0.000796 0.001869 0.001160
3 -0.003653 -0.002618 0.003825 0.002446
3 -0.000780 -0.001124 0.001177 0.000726
3 -0.000004 -0.000018 0.000014 0.000008
3 -0.000093 -0.000413 0.000335 0.000171
3 0.003844 -0.039462 0.023763 0.011855
3 0.001646 -0.029367 0.017648 0.010073
3 -0.000337 -0.000567 0.000545 0.000359
3 -0.000389 -0.000239 0.000387 0.000241
3 -0.000359 -0.000205 0.000357 0.000207
2 -0.000653 0.000570 0.000051 0.000032
3 0.001380 -0.017803 0.010412 0.006010
3 -0.043328 -0.030856 0.045523 0.028661
3 -0.000132 -0.000206 0.000213 0.000124
3 -0.008689 -0.033565 0.027216 0.015038
3 -0.025041 -0.059091 0.053823 0.030309
3 -0.097254 -0.004363 0.061332 0.040286
3 -0.001040 -0.000478 0.000976 0.000542
3 -0.000071 -0.000030 0.000061 0.000040
3 -0.004727 -0.001170 0.003838 0.002058
3 -0.000796 -0.000469 0.000763 0.000502
3 -0.005853 -0.003570 0.005742 0.003681
3 -0.003803 -0.002131 0.003587 0.002346
3 0.010037 -0.041529 0.020220 0.011271
3 -0.000737 -0.000508 0.000824 0.000421
3 -0.000825 -0.000511 0.000831 0.000505
3 -0.001373 -0.000833 0.001367 0.000840
3 -0.017108 -0.013495 0.018725 0.011878
3 -0.000005 -0.000013 0.000011 0.000007
3 -0.000037 -0.000032 0.000041 0.000028
3 -0.037293 -0.003699 0.024708 0.016283
1 0.000024 -0.000038 0.000008 0.000005
3 -0.000248 -0.000210 0.000280 0.000179
3 -0.000183 -0.000118 0.000181 0.000120
3 -0.030982 -0.042931 0.046884 0.027030
3 -0.038656 -0.049241 0.055259 0.032638
3 -0.001075 -0.002251 0.002087 0.001239
3 -0.000099 -0.000058 0.000095 0.000063
3 -0.054131 -0.035293 0.055009 0.034415
3 -0.000018 -0.000018 0.000023 0.000013
3 -0.000045 -0.000027 0.000044 0.000027
3 -0.000305 -0.001115 0.000882 0.000539
3 -0.000048 -0.000030 0.000047 0.000031
3 -0.051234 -0.012693 0.041423 0.022504
3 -0.000045 -0.000019 0.000039 0.000024
3 -0.000900 -0.000588 0.000900 0.000587
3 -0.000065 -0.000096 0.000105 0.000056
3 -0.001626 -0.002880 0.002737 0.001769
3 -0.000079 -0.000129 0.000131 0.000077
3 -0.000061 -0.000048 0.000066 0.000043
3 -0.000082 -0.000056 0.000083 0.000055
3 -0.000594 -0.001136 0.001125 0.000605
3 -0.001536 -0.001330 0.001761 0.001105
3 -0.019162 -0.012397 0.019438 0.012120
3 -0.006713 -0.004350 0.006783 0.004280
3 -0.005413 -0.003219 0.005228 0.003404
3 0.005297 -0.030591 0.016593 0.008700
3 -0.001558 -0.001457 0.001961 0.001054
3 -0.000083 -0.000046 0.000080 0.000049
3 -0.003121 -0.002492 0.003462 0.002150
3 -0.008551 -0.004741 0.008030 0.005262
3 -0.000831 -0.000724 0.000970 0.000585
3 -0.002207 -0.002126 0.002639 0.001694
3 -0.000021 -0.000019 0.000025 0.000015
3 -0.001026 -0.000788 0.001136 0.000677
3 -0.000007 -0.000008 0.000010 0.000006
3 -0.000185 -0.000272 0.000287 0.000171
3 -0.000574 -0.002332 0.001860 0.001047
3 -0.012583 -0.025395 0.025171 0.012808
3 -0.000087 -0.000042 0.000078 0.000051
3 -0.000045 -0.000031 0.000047 0.000030
3 -0.000329 -0.000270 0.000371 0.000227
3 -0.011188 -0.002272 0.008054 0.005406
3 -0.013527 -0.007984 0.013179 0.008332
3 -0.009732 -0.006333 0.009690 0.006374
3 -0.003827 -0.011563 0.009193 0.006198
3 -0.001722 -0.001682 0.002103 0.001300
3 -0.007230 -0.005935 0.007914 0.005251
3 -0.000002 -0.000003 0.000003 0.000002
3 -0.001774 -0.017418 0.012993 0.006200
3 -0.000010 -0.000003 0.000008 0.000005
3 -0.001009 -0.000847 0.001134 0.000722
3 -0.000171 -0.000032 0.000122 0.000080
3 -0.014857 -0.008414 0.014201 0.009070
3 -0.000033 -0.000040 0.000044 0.000029
3 -0.000016 -0.000013 0.000018 0.000011
3 -0.000002 -0.000007 0.000006 0.000003
3 -0.027078 -0.016792 0.027012 0.016858
3 -0.000083 -0.000081 0.000100 0.000064
3 -0.000097 -0.000076 0.000103 0.000070
3 -0.015729 -0.016355 0.019850 0.012233
3 -0.000195 -0.000162 0.000219 0.000137
3 -0.042392 -0.018273 0.039419 0.021247
3 -0.000005 -0.000003 0.000005 0.000003
3 -0.018476 -0.005698 0.014341 0.009832
3 -0.091174 -0.003097 0.056839 0.037432
3 -0.012977 -0.007453 0.012369 0.008061
3 -0.001341 -0.001325 0.001518 0.001149
3 -0.000066 -0.000004 0.000042 0.000028
3 -0.082260 -0.002938 0.051727 0.033471
3 -0.000006 -0.000004 0.000006 0.000004
3 -0.024058 -0.033340 0.035886 0.021512
3 -0.000096 -0.000051 0.000086 0.000061
3 -0.003629 0.000205 0.001887 0.001537
3 -0.000069 -0.000117 0.000115 0.000071
3 -0.000063 -0.000086 0.000096 0.000053
3 -0.000426 -0.000195 0.000382 0.000239
3 -0.000062 -0.000049 0.000066 0.000045
3 -0.000355 -0.000412 0.000477 0.000289
3 -0.000013 -0.000006 0.000012 0.000007
3 -0.000645 -0.005109 0.003665 0.002088
3 -0.000009 -0.000006 0.000009 0.000006
3 -0.000013 -0.000013 0.000016 0.000011
3 -0.001832 -0.000805 0.001613 0.001024
3 -0.001039 -0.000425 0.000890 0.000575
3 -0.002982 -0.002549 0.003373 0.002158
3 -0.000187 -0.000098 0.000162 0.000123
3 0.000017 -0.000088 0.000044 0.000027
3 -0.057299 -0.037898 0.058016 0.037182
3 -0.000925 -0.001245 0.001371 0.000799
3 -0.044942 -0.029223 0.045167 0.028998
3 -0.029142 -0.017872 0.028886 0.018128
3 -0.000247 -0.000170 0.000254 0.000164
3 -0.013517 -0.006722 0.012166 0.008074
3 -0.001530 -0.000852 0.001488 0.000893
3 -0.006620 -0.004218 0.006679 0.004159
3 -0.000149 -0.000255 0.000247 0.000157
3 -0.001829 -0.001424 0.001996 0.001257
3 -0.011325 -0.023507 0.023532 0.011300
3 -0.015757 -0.006915 0.013585 0.009088
3 -0.001393 -0.008839 0.006998 0.003234
3 -0.000007 -0.000008 0.000010 0.000006
3 -0.000063 -0.000030 0.000057 0.000035
3 0.002590 -0.012467 0.006272 0.003604
3 -0.001582 -0.001134 0.001622 0.001094
3 -0.000085 -0.000064 0.000090 0.000059
3 -0.102320 -0.002464 0.062271 0.042513
3 0.003539 -0.050948 0.031520 0.015889
3 -0.004341 -0.003327 0.004593 0.003075
3 -0.002252 -0.001135 0.002123 0.001264
3 -0.002911 -0.002070 0.003124 0.001857
1 0.001391 -0.002051 0.000427 0.000233
3 -0.030482 -0.021196 0.031218 0.020460
3 -0.000007 -0.000004 0.000007 0.000004
3 -0.006923 -0.016348 0.015269 0.008002
3 -0.001017 -0.000854 0.001147 0.000723
3 0.000925 -0.013337 0.007601 0.004811
3 -0.019414 -0.017759 0.022959 0.014214
3 -0.039771 -0.025004 0.039420 0.025354
3 -0.000884 -0.000532 0.000890 0.000525
3 -0.003702 -0.013549 0.010659 0.006592
3 -0.054822 -0.003512 0.035398 0.022936
3 0.000584 -0.006846 0.004092 0.002170
3 -0.056585 -0.016937 0.047561 0.025961
3 -0.000002 -0.000002 0.000002 0.000002
3 -0.014698 -0.043946 0.037896 0.020749
3 -0.005489 -0.002074 0.005036 0.002527
3 -0.000015 -0.000030 0.000029 0.000017
3 -0.000944 -0.000701 0.000993 0.000652
3 0.004200 -0.034698 0.020208 0.010290
3 -0.000020 -0.000014 0.000022 0.000013
3 -0.001846 -0.001623 0.002188 0.001281
3 -0.000072 -0.000062 0.000088 0.000046
3 -0.000781 -0.000493 0.000775 0.000500
3 -0.000021 -0.000020 0.000025 0.000016
3 -0.003439 -0.002513 0.003646 0.002306
3 -0.019896 -0.011222 0.018931 0.012187
3 -0.094091 -0.002041 0.058414 0.037718
3 -0.013701 -0.010156 0.014639 0.009218
3 -0.091081 -0.001475 0.056016 0.036540
3 -0.000438 -0.000346 0.000475 0.000309
3 -0.007396 -0.004093 0.007082 0.004407
3 -0.000110 -0.000109 0.000133 0.000087
3 -0.000059 -0.000048 0.000067 0.000040
3 -0.000099 -0.000079 0.000106 0.000072
3 -0.000007 -0.000006 0.000008 0.000005
3 -0.000262 -0.000144 0.000244 0.000162
3 -0.000082 -0.000066 0.000085 0.000062
3 -0.000104 -0.000175 0.000173 0.000105
3 0.000032 -0.001000 0.000600 0.000369
3 -0.016732 -0.018663 0.023067 0.012328
3 -0.006059 -0.018713 0.014648 0.010124
3 -0.000033 -0.000016 0.000031 0.000018
3 -0.000562 -0.000706 0.000789 0.000479
3 -0.000514 -0.001585 0.001272 0.000826
3 -0.000621 -0.000324 0.000581 0.000364
4 -0.002625 -0.000152 0.001341 0.001436
3 -0.000375 -0.000213 0.000349 0.000240
3 -0.000013 -0.000009 0.000014 0.000009
3 -0.000495 -0.000354 0.000514 0.000335
3 -0.016221 -0.019306 0.023031 0.012497
3 -0.009350 -0.005818 0.009288 0.005880
3 -0.013761 -0.008759 0.013520 0.009000
3 -0.024714 -0.013745 0.023586 0.014873
3 -0.000031 -0.000021 0.000032 0.000021
3 -0.000022 -0.000015 0.000023 0.000014
3 -0.000165 -0.000449 0.000384 0.000230
3 -0.000039 -0.000028 0.000040 0.000028
3 -0.000072 -0.000041 0.000069 0.000045
3 -0.000614 -0.000681 0.000801 0.000494
3 -0.065064 -0.014504 0.051665 0.027903
3 -0.004296 -0.003102 0.004648 0.002750
3 -0.007394 -0.004739 0.007346 0.004787
3 -0.000976 -0.001019 0.001061 0.000934
3 -0.059190 -0.041055 0.062366 0.037879
3 -0.007399 -0.005484 0.008405 0.004477
3 -0.000490 -0.002717 0.001971 0.001236
3 -0.005135 -0.004344 0.005907 0.003572
3 -0.000201 -0.000225 0.000272 0.000153
3 -0.003889 -0.000636 0.002750 0.001775
3 -0.000015 -0.000009 0.000015 0.000009
3 -0.016278 -0.009607 0.015943 0.009943
3 -0.021533 -0.008410 0.019109 0.010834
3 -0.000022 -0.000013 0.000022 0.000013
3 -0.023758 -0.011680 0.022439 0.012999
3 -0.022866 -0.038889 0.040137 0.021618
3 -0.000030 -0.000046 0.000047 0.000029
3 -0.006992 -0.003678 0.006394 0.004275
3 -0.030520 -0.022214 0.032427 0.020307
3 -0.001105 -0.000065 0.001112 0.000058
3 -0.000999 -0.001508 0.001532 0.000974
3 -0.001202 -0.000766 0.001286 0.000681
3 -0.004719 -0.008044 0.008255 0.004509
1 0.000003 -0.000007 0.000002 0.000002
3 -0.025642 -0.028605 0.034929 0.019318
2 -0.002466 0.001053 0.000858 0.000556
3 -0.019556 -0.011169 0.019493 0.011232
3 -0.013515 -0.003465 0.011009 0.005971
3 -0.000547 -0.000375 0.000590 0.000332
3 -0.000080 -0.000046 0.000078 0.000048
3 -0.000401 -0.000403 0.000480 0.000324
3 -0.000033 -0.000026 0.000037 0.000022
3 -0.000059 -0.000053 0.000067 0.000045
3 -0.000144 -0.000054 0.000118 0.000079
3 -0.039874 -0.028575 0.042285 0.026164
3 -0.000067 -0.000039 0.000064 0.000042
3 -0.011068 -0.007076 0.011483 0.006661
3 -0.000538 -0.000588 0.000686 0.000440
3 -0.000377 -0.000476 0.000547 0.000307
3 -0.079790 -0.002720 0.050104 0.032405
3 -0.018168 -0.029053 0.031097 0.016124
3 -0.000165 -0.000166 0.000205 0.000125
3 -0.001786 -0.001189 0.001794 0.001181
3 -0.035061 -0.045558 0.050060 0.030559
3 -0.057392 -0.049381 0.066523 0.040250
1 0.000908 -0.001460 0.000366 0.000186
3 -0.011515 -0.007301 0.011653 0.007163
3 -0.016920 -0.008108 0.014383 0.010645
3 -0.006557 -0.004557 0.006657 0.004457
3 -0.001550 -0.000659 0.001357 0.000853
3 -0.030938 -0.020439 0.032026 0.019351
3 -0.000248 0.000061 0.000116 0.000072
3 -0.000130 -0.000131 0.000156 0.000105
3 -0.088457 -0.002509 0.055007 0.035959
3 -0.000014 -0.000009 0.000014 0.000009
3 -0.000023 -0.000014 0.000022 0.000014
3 -0.005864 -0.003498 0.005689 0.003674
3 -0.002857 -0.013522 0.010271 0.006108
3 -0.004200 -0.006263 0.006503 0.003960
3 -0.100795 -0.003559 0.062032 0.042322
3 -0.009021 -0.006626 0.009475 0.006172
3 -0.002681 -0.001502 0.002635 0.001548
3 -0.000059 -0.000051 0.000068 0.000043
3 -0.000229 -0.000200 0.000266 0.000163
3 -0.003714 -0.002043 0.003517 0.002240
3 -0.055808 -0.004814 0.036990 0.023632
3 -0.100120 -0.002938 0.061019 0.042040
3 -0.001062 -0.001005 0.001258 0.000809
3 -0.000005 -0.000005 0.000006 0.000004
3 -0.000008 -0.000005 0.000008 0.000005
3 -0.001008 -0.000835 0.001140 0.000702
3 -0.000961 -0.001297 0.001409 0.000850
3 -0.074888 -0.002359 0.046996 0.030251
3 -0.007578 -0.004340 0.007268 0.004651
3 -0.001341 -0.000448 0.001091 0.000698
3 -0.000022 -0.000025 0.000029 0.000018
3 -0.000584 -0.000520 0.000681 0.000424
3 -0.000157 -0.000117 0.000167 0.000108
3 -0.001922 -0.026403 0.017364 0.010960
3 -0.000693 -0.000996 0.001108 0.000581
3 0.000109 -0.000305 0.000125 0.000071
3 -0.005622 -0.004031 0.005995 0.003657
3 -0.022900 -0.011774 0.021201 0.013474
3 -0.000063 -0.000214 0.000171 0.000107
3 -0.004123 -0.007349 0.007367 0.004105
3 -0.000021 -0.000020 0.000025 0.000016
3 -0.000083 -0.000080 0.000102 0.000062
3 -0.000440 -0.000270 0.000437 0.000274
3 -0.000133 -0.000126 0.000161 0.000098
3 -0.014677 -0.010990 0.015564 0.010104
3 -0.002618 -0.007838 0.006708 0.003748
3 -0.023701 -0.017618 0.025759 0.015560
3 -0.000154 -0.000111 0.000164 0.000101
3 -0.002062 -0.001370 0.002170 0.001261
3 -0.000674 -0.002620 0.002144 0.001150
3 -0.000010 -0.000010 0.000013 0.000008
3 -0.000167 -0.000815 0.000633 0.000349
3 -0.003925 -0.001992 0.003633 0.002283
3 -0.008641 -0.005396 0.008567 0.005470
3 -0.020132 -0.026490 0.029739 0.016883
3 -0.002697 -0.005441 0.005249 0.002889
3 -0.000221 -0.000186 0.000248 0.000160
3 -0.001275 -0.000098 0.000865 0.000507
3 -0.003907 -0.002178 0.003671 0.002414
3 -0.059588 -0.046270 0.065522 0.040336
3 -0.000041 -0.000028 0.000043 0.000026
3 -0.000117 -0.000018 0.000084 0.000051
3 -0.000013 -0.000010 0.000014 0.000009
3 -0.001090 -0.000878 0.001229 0.000740
3 0.006400 -0.036969 0.020048 0.010522
3 -0.013321 -0.056937 0.044940 0.025317
3 -0.000209 -0.000108 0.000199 0.000118
3 -0.000989 -0.000729 0.001056 0.000662
3 -0.000659 -0.001226 0.001198 0.000687
3 -0.021358 -0.012373 0.020199 0.013533
3 -0.000404 -0.000190 0.000366 0.000227
3 -0.000504 -0.000142 0.000409 0.000238
3 -0.000145 -0.000353 0.000325 0.000172
3 -0.000076 -0.000057 0.000083 0.000050
3 -0.040688 -0.049889 0.058774 0.031803
3 -0.103508 -0.002401 0.062998 0.042911
3 -0.067261 -0.004130 0.043512 0.027879
3 -0.002246 -0.003985 0.003923 0.002307
3 -0.002206 -0.001699 0.002478 0.001427
3 -0.000028 -0.000021 0.000030 0.000019
3 -0.038949 -0.012831 0.033017 0.018762
3 -0.000093 -0.000064 0.000095 0.000061
4 -0.003007 -0.000002 0.000921 0.002088
3 -0.001099 -0.005640 0.004588 0.002151
3 0.000082 -0.009796 0.006158 0.003556
3 -0.012164 -0.028345 0.026630 0.013878
3 -0.000205 -0.001381 0.000989 0.000597
3 -0.025418 -0.016321 0.025654 0.016085
3 -0.000030 -0.000021 0.000032 0.000019
3 -0.000000 -0.000000 0.000000 0.000000
3 -0.000007 -0.000014 0.000012 0.000008
3 -0.000003 -0.000002 0.000003 0.000002
3 -0.000009 -0.000004 0.000008 0.000005
3 -0.000050 -0.000030 0.000050 0.000030
3 -0.001818 -0.001234 0.001856 0.001196
3 -0.000135 -0.000193 0.000199 0.000129
3 -0.000222 -0.000912 0.000694 0.000440
3 -0.002348 -0.002088 0.002855 0.001581
3 -0.055627 -0.042364 0.060573 0.037418
3 -0.000541 -0.000248 0.000483 0.000306
3 0.004257 -0.011687 0.005046 0.002384
3 -0.000083 -0.003705 0.002395 0.001393
3 -0.000108 -0.000068 0.000108 0.000068
3 -0.000097 -0.000144 0.000144 0.000096
3 -0.005658 -0.004107 0.006021 0.003744
3 -0.000010 -0.000006 0.000009 0.000006
3 -0.004627 -0.018003 0.015081 0.007549
3 -0.096375 -0.002217 0.060026 0.038566
3 -0.000028 -0.000021 0.000030 0.000019
4 -0.000313 -0.000105 0.000193 0.000225
3 -0.004435 -0.002112 0.004119 0.002428
3 -0.011001 -0.015376 0.017068 0.009309
3 -0.003939 -0.002460 0.004014 0.002386
3 -0.000005 -0.000034 0.000024 0.000015
3 -0.008301 -0.008312 0.010244 0.006368
3 -0.000003 -0.000003 0.000004 0.000002
3 -0.000035 -0.000027 0.000038 0.000025
3 -0.008737 -0.005626 0.009224 0.005139
3 -0.002162 -0.001070 0.001982 0.001250
3 -0.000376 -0.000325 0.000429 0.000272
3 -0.005108 -0.003168 0.005085 0.003191
3 0.000188 -0.016071 0.010686 0.005198
3 -0.000948 -0.000906 0.001138 0.000715
3 -0.016081 -0.040963 0.038559 0.018485
3 -0.003489 -0.000638 0.002547 0.001580
3 -0.024870 -0.003823 0.017087 0.011606
3 -0.000148 -0.000084 0.000139 0.000093
3 -0.000592 -0.003636 0.002617 0.001612
3 -0.009134 -0.019250 0.018669 0.009715
3 -0.000757 -0.000782 0.000920 0.000620
3 -0.022568 -0.028325 0.033106 0.017786
3 -0.003317 -0.000353 0.002415 0.001255
3 -0.001258 -0.000983 0.001384 0.000857
3 -0.000012 -0.000013 0.000015 0.000010
3 -0.039769 -0.023493 0.038864 0.024398
3 -0.001701 -0.004419 0.004033 0.002086
3 -0.000001 -0.000001 0.000001 0.000001
3 -0.063362 -0.051627 0.071703 0.043285
3 -0.000101 -0.000083 0.000114 0.000070
3 -0.000232 -0.000149 0.000233 0.000148
3 -0.000577 -0.043577 0.028431 0.015724
3 -0.000018 -0.000022 0.000024 0.000016
3 -0.000007 -0.000006 0.000008 0.000005
3 -0.032548 -0.021674 0.033225 0.020996
3 -0.000186 -0.000179 0.000220 0.000144
3 -0.000073 -0.000071 0.000087 0.000057
3 -0.000088 -0.000021 0.000076 0.000033
3 -0.000051 -0.000047 0.000061 0.000037
3 -0.002932 -0.003720 0.004164 0.002488
3 -0.000038 -0.000024 0.000039 0.000023
3 -0.020750 -0.008067 0.018252 0.010566
3 -0.006157 -0.003541 0.005855 0.003843
3 -0.001391 -0.003016 0.002753 0.001655
3 -0.089232 -0.004813 0.057284 0.036760
3 -0.085330 -0.001865 0.052710 0.034485
3 -0.000526 -0.000685 0.000666 0.000544
2 -0.001243 0.000482 0.000453 0.000307
3 -0.008685 -0.005009 0.008822 0.004871
3 -0.011277 -0.007650 0.011251 0.007676
3 -0.000006 -0.000005 0.000007 0.000005
3 -0.051146 -0.032621 0.050855 0.032912
3 0.000005 -0.000043 0.000025 0.000013
3 -0.000139 -0.001965 0.001270 0.000833
3 -0.000030 -0.000034 0.000040 0.000024
3 -0.000336 -0.000485 0.000492 0.000329
3 -0.038285 -0.000870 0.024231 0.014924
3 -0.000991 -0.000775 0.001164 0.000601
3 -0.000083 -0.000073 0.000099 0.000058
3 -0.020584 -0.026441 0.030430 0.016595
3 -0.000084 -0.000069 0.000094 0.000060
3 -0.022678 -0.010209 0.020823 0.012065
3 -0.099902 -0.001621 0.061388 0.040134
3 -0.011780 -0.012584 0.015802 0.008562
3 -0.000032 -0.000026 0.000037 0.000021
3 -0.000060 -0.003289 0.002265 0.001084
3 -0.051703 -0.010178 0.038067 0.023813
3 -0.036167 -0.024252 0.037701 0.022718
3 -0.000037 -0.000024 0.000037 0.000024
3 -0.066210 -0.001805 0.040982 0.027033
3 -0.002418 -0.009813 0.007872 0.004358
3 -0.001514 -0.000832 0.001399 0.000948
3 -0.000211 -0.000146 0.000220 0.000138
3 -0.013913 -0.001271 0.009557 0.005627
3 -0.013787 -0.009122 0.014100 0.008809
3 -0.000043 -0.000017 0.000037 0.000023
3 -0.003559 -0.002285 0.003713 0.002132
3 -0.000024 -0.000019 0.000027 0.000017
3 -0.000759 -0.000609 0.000822 0.000546
3 -0.000079 -0.000053 0.000081 0.000051
3 -0.094957 -0.003083 0.059368 0.038671
3 -0.000139 -0.000066 0.000125 0.000080
3 -0.000154 -0.000113 0.000161 0.000107
3 -0.000035 -0.000024 0.000034 0.000024
3 -0.015627 -0.030965 0.030746 0.015846
3 -0.007291 -0.004970 0.007630 0.004631
3 -0.000062 -0.000030 0.000056 0.000036
3 -0.000094 -0.000524 0.000390 0.000228
3 -0.000013 -0.000021 0.000020 0.000014
3 -0.022474 -0.033578 0.035567 0.020485
3 -0.000013 -0.000017 0.000019 0.000012
3 -0.016686 -0.026771 0.026964 0.016492
3 -0.000416 -0.000322 0.000459 0.000279
3 -0.011878 -0.010112 0.013477 0.008514
3 -0.057614 -0.025573 0.053728 0.029459
3 -0.001913 -0.001217 0.001878 0.001252
3 -0.001048 -0.048402 0.032087 0.017363
3 -0.001785 -0.001607 0.002206 0.001187
3 -0.000015 -0.000024 0.000024 0.000015
3 0.006978 -0.044519 0.024488 0.013052
3 -0.000027 -0.000017 0.000027 0.000018
3 -0.000029 -0.000026 0.000033 0.000022
3 -0.008313 -0.002859 0.006830 0.004343
3 -0.000079 -0.000053 0.000080 0.000051
3 -0.001536 -0.000423 0.001206 0.000753
3 -0.000011 -0.000011 0.000014 0.000009
3 0.002654 -0.037649 0.023609 0.011386
3 -0.044408 -0.003117 0.029057 0.018468
3 -0.000065 -0.000078 0.000087 0.000056
3 -0.000011 -0.000010 0.000014 0.000007
3 -0.000032 -0.000045 0.000049 0.000028
3 0.000594 -0.008994 0.005264 0.003136
3 -0.008599 -0.016361 0.016426 0.008534
3 -0.000265 -0.002034 0.001452 0.000846
3 -0.002870 -0.032775 0.024162 0.011483
3 -0.001007 -0.010332 0.007978 0.003360
3 -0.000001 -0.000001 0.000001 0.000001
3 -0.006140 -0.004442 0.006457 0.004125
3 -0.000039 -0.000033 0.000044 0.000028
3 -0.000744 -0.001221 0.001228 0.000737
3 -0.000673 -0.000407 0.000646 0.000435
3 -0.000023 -0.000021 0.000027 0.000018
3 -0.000001 -0.000015 0.000010 0.000006
3 -0.091717 -0.003851 0.057887 0.037681
3 0.000146 -0.000422 0.000183 0.000093
3 -0.001079 -0.018851 0.013361 0.006569
3 -0.000071 -0.000109 0.000118 0.000063
3 -0.000018 -0.000015 0.000020 0.000013
3 -0.000183 -0.000120 0.000183 0.000119
3 -0.000472 -0.000313 0.000483 0.000302
3 -0.000023 -0.000037 0.000037 0.000023
3 -0.000128 -0.000078 0.000123 0.000084
3 -0.000035 -0.000027 0.000038 0.000025
3 -0.000001 -0.000002 0.000002 0.000001
3 -0.000006 -0.000007 0.000008 0.000005
3 -0.001845 -0.000223 0.001273 0.000794
3 -0.059407 -0.041836 0.062680 0.038563
3 -0.027566 -0.020415 0.029197 0.018785
3 -0.058529 -0.010920 0.044971 0.024478
2 -0.001687 0.001641 0.000027 0.000019
3 -0.000107 -0.000320 0.000268 0.000158
3 0.002143 -0.032560 0.020326 0.010092
3 -0.000003 -0.000006 0.000005 0.000003
3 -0.000021 -0.000010 0.000019 0.000012
3 -0.006971 -0.003854 0.006676 0.004149
3 -0.049666 -0.016543 0.042455 0.023754
3 -0.000021 -0.000025 0.000028 0.000019
3 -0.000501 -0.000417 0.000564 0.000354
3 -0.068642 -0.005570 0.044643 0.029569
3 -0.057216 -0.013623 0.046033 0.024806
3 -0.000080 -0.000283 0.000230 0.000133
3 -0.000362 -0.000144 0.000304 0.000202
3 -0.004103 -0.014925 0.011831 0.007196
3 -0.000004 -0.000002 0.000003 0.000002
3 -0.007563 -0.004608 0.007591 0.004580
3 -0.003325 -0.001497 0.002936 0.001885
3 -0.001082 -0.001294 0.001532 0.000844
3 -0.000271 -0.000198 0.000286 0.000183
3 -0.000222 -0.000169 0.000233 0.000158
3 -0.002139 -0.002409 0.002809 0.001738
3 -0.000088 -0.000077 0.000101 0.000063
3 -0.000250 -0.003732 0.002446 0.001536
1 0.000407 -0.000836 0.000298 0.000130
3 -0.000030 -0.000023 0.000032 0.000021
3 -0.004796 -0.004681 0.005730 0.003747
3 -0.000890 -0.005437 0.003970 0.002358
3 -0.001047 -0.000991 0.001241 0.000797
3 -0.080305 -0.001994 0.050323 0.031975
3 -0.004629 -0.003135 0.004801 0.002963
3 -0.000005 -0.000003 0.000005 0.000003
3 -0.006628 -0.013130 0.013008 0.006750
3 -0.000420 -0.000298 0.000445 0.000273
3 -0.095069 -0.002325 0.059005 0.038389
3 -0.019597 -0.029049 0.030620 0.018026
3 0.000562 -0.011825 0.007004 0.004260
3 -0.000099 -0.000060 0.000096 0.000064
3 -0.001005 -0.005196 0.003935 0.002266
3 -0.004032 -0.003587 0.004895 0.002724
3 0.000016 -0.000103 0.000054 0.000032
3 -0.000500 -0.000415 0.000573 0.000341
3 -0.001493 -0.002145 0.002339 0.001299
3 -0.022283 -0.019266 0.027099 0.014450
3 -0.000423 -0.000361 0.000429 0.000355
3 -0.001125 -0.000401 0.000960 0.000567
3 -0.000108 -0.000091 0.000119 0.000080
3 -0.001267 -0.000572 0.001149 0.000689
3 -0.000765 -0.000586 0.000839 0.000512
3 -0.000260 -0.000148 0.000250 0.000158
3 -0.000026 -0.000018 0.000027 0.000018
3 -0.000034 -0.000072 0.000069 0.000038
3 -0.034002 -0.023772 0.035407 0.022368
3 -0.015031 -0.010160 0.015390 0.009801
3 -0.000179 -0.000142 0.000198 0.000122
3 -0.000066 -0.000067 0.000080 0.000052
3 -0.000139 -0.000132 0.000163 0.000108
3 -0.091749 -0.002988 0.056946 0.037791
3 -0.000967 -0.000602 0.000945 0.000625
3 -0.048853 -0.014706 0.041444 0.022115
3 -0.000003 -0.000002 0.000003 0.000002
3 -0.000194 -0.000144 0.000205 0.000133
3 -0.000088 -0.000056 0.000091 0.000053
3 -0.001314 -0.000752 0.001316 0.000750
3 -0.014399 -0.009219 0.014303 0.009316
3 -0.000211 -0.000190 0.000241 0.000160
3 -0.002012 -0.001698 0.002302 0.001409
3 0.000651 -0.003174 0.001614 0.000909
3 -0.000031 -0.000026 0.000035 0.000022
3 -0.001222 -0.000930 0.001334 0.000819
3 -0.000006 -0.000006 0.000007 0.000005
3 -0.003471 -0.005659 0.005755 0.003375
3 -0.023321 -0.026408 0.031984 0.017745
3 -0.000106 -0.000084 0.000118 0.000072
3 -0.000147 -0.000115 0.000158 0.000105
3 -0.000037 -0.000020 0.000034 0.000023
3 -0.047020 -0.027741 0.045465 0.029296
1 0.001445 -0.001829 0.000246 0.000139
3 -0.014683 -0.017359 0.019744 0.012297
3 -0.000625 -0.002888 0.002182 0.001330
3 -0.013872 -0.013873 0.016692 0.011053
3 -0.041628 -0.023352 0.039804 0.025175
3 -0.000016 -0.000010 0.000017 0.000010
3 -0.001083 -0.000825 0.001150 0.000758
3 -0.012858 -0.010596 0.014620 0.008834
3 -0.000016 -0.000018 0.000022 0.000012
3 -0.003869 -0.004788 0.005141 0.003516
3 -0.001661 -0.034692 0.022728 0.013625
3 -0.077903 -0.000208 0.046866 0.031244
3 -0.023731 -0.018990 0.026295 0.016425
1 0.001596 -0.001737 0.000087 0.000054
3 -0.000016 -0.000009 0.000015 0.000010
3 -0.012911 -0.011373 0.014779 0.009505
3 -0.000102 -0.000092 0.000120 0.000074
3 -0.000084 -0.000162 0.000149 0.000097
3 -0.003711 -0.007616 0.007378 0.003948
3 -0.000003 -0.000002 0.000003 0.000002
3 -0.011006 -0.009649 0.012592 0.008063
3 -0.000003 -0.000001 0.000003 0.000001
3 -0.014619 -0.017890 0.020882 0.011628
3 -0.001679 -0.001147 0.001769 0.001056
3 -0.016910 -0.025557 0.027676 0.014791
3 -0.000008 -0.000007 0.000009 0.000006
3 -0.000084 -0.000042 0.000078 0.000048
3 -0.010100 -0.006635 0.010201 0.006534
3 -0.074409 -0.001699 0.046572 0.029536
3 -0.001043 -0.000340 0.000876 0.000507
3 -0.000495 -0.000299 0.000472 0.000322
3 -0.000440 -0.000288 0.000446 0.000283
3 -0.000478 -0.000387 0.000536 0.000329
3 -0.000180 -0.000103 0.000179 0.000105
3 -0.000037 -0.000020 0.000035 0.000022
3 -0.003455 -0.001500 0.002967 0.001988
3 -0.001940 -0.001249 0.001953 0.001236
3 -0.007329 -0.004879 0.007864 0.004343
3 -0.000797 -0.000503 0.000774 0.000526
3 -0.000023 -0.000021 0.000027 0.000017
3 -0.035464 -0.022445 0.035287 0.022621
3 -0.000015 -0.000008 0.000014 0.000009
3 -0.000219 -0.000210 0.000262 0.000166
3 -0.000053 -0.000034 0.000055 0.000032
3 -0.054469 -0.033356 0.053716 0.034109
3 -0.000009 -0.000008 0.000011 0.000006
3 -0.006154 -0.003536 0.006006 0.003683
3 -0.010754 -0.004459 0.009254 0.005959
3 -0.000048 -0.000024 0.000044 0.000027
3 -0.000047 -0.000043 0.000054 0.000036
3 -0.000125 -0.000098 0.000135 0.000087
3 -0.000061 -0.000037 0.000059 0.000039
3 -0.002026 -0.001455 0.002087 0.001393
3 -0.000130 -0.000067 0.000119 0.000078
3 -0.080496 -0.000885 0.049809 0.031572
1 0.000483 -0.000586 0.000062 0.000041
3 -0.041011 -0.034370 0.047045 0.028336
3 -0.000890 -0.000380 0.000702 0.000568
3 -0.026825 -0.015170 0.025300 0.016695
3 -0.000116 -0.000168 0.000167 0.000118
3 -0.001301 -0.000972 0.001386 0.000887
3 -0.038513 -0.038700 0.049961 0.027252
3 -0.017059 -0.012317 0.019034 0.010342
3 -0.000001 -0.000001 0.000001 0.000001
3 0.002191 -0.014512 0.008459 0.003861
3 -0.000162 -0.000182 0.000214 0.000130
3 -0.000017 -0.000015 0.000019 0.000012
3 -0.022306 -0.035891 0.038033 0.020164
3 -0.006678 -0.004106 0.006731 0.004053
3 -0.000141 -0.000141 0.000172 0.000111
3 -0.000240 -0.000517 0.000482 0.000275
3 -0.000307 -0.000223 0.000326 0.000204
3 -0.000141 -0.000062 0.000126 0.000077
3 -0.000054 -0.000048 0.000065 0.000037
3 -0.000716 -0.000655 0.000837 0.000534
3 -0.004262 -0.003563 0.004855 0.002971
3 -0.000018 -0.000023 0.000025 0.000016
3 -0.019121 -0.010254 0.017992 0.011383
3 -0.000286 -0.000183 0.000291 0.000178
3 -0.015625 -0.013356 0.017422 0.011559
